1000
24199
26117
20399
24176
10845
3000
20275
26956
23509
13930
29196
30516
12548
4972
14741
10281
7602
3063
23669
16711
22366
12574
21188
6230
25218
9216
28015
23965
1305
20034
31965
14326
16989
32445
19154
26408
17365
15987
27540
24688
21391
29128
10829
6497
19371
6639
5297
29935
7961
19106
27104
1734
24482
10262
28814
8416
25901
302
30817
24406
31291
23023
2714
9846
12725
31284
3576
18199
18919
21666
25049
15657
16588
23007
13475
15504
32140
3071
6498
51
13123
26175
8371
3919
24836
27894
30944
27922
4894
31176
22860
26213
18845
6173
15634
29193
10260
1489
12521
22245
21146
11310
14411
3230
7187
9495
3542
2665
27057
8325
17138
30749
28602
15928
692
30093
11147
12198
31746
27668
16093
13880
14072
7793
4167
20917
22923
27349
21764
13054
8044
29499
26615
18173
2351
8184
4588
28120
1709
12435
10017
12906
8359
20182
7685
5619
26028
22565
831
17422
7740
20751
28402
17124
3117
14115
24383
29600
14670
9477
7180
30499
6475
31937
2052
19192
720
3166
735
12938
17393
24759
16612
16532
21962
14982
15276
5338
29538
22978
8232
8727
6102
4907
24038
4150
10163
25635
15247
3780
18851
30911
5301
11174
12876
22558
9419
519
26485
11001
885
21909
15978
20604
13827
28141
6562
13652
31287
18003
10656
8458
11855
26023
13591
28047
31295
29332
11345
23832
7743
22539
3025
555
2693
3568
21048
28154
9300
23059
3429
6385
23605
7521
17120
14731
31109
348
14201
32105
16175
6600
23084
22693
19899
20135
22088
24420
26248
8808
4305
23978
29781
10332
5410
8563
32006
16233
13526
11007
24741
25858
24297
14189
2472
13398
29211
22923
29298
26056
3733
5357
9244
25248
10959
12092
4724
16640
28593
11217
31046
15385
8185
9602
7899
31902
3804
31420
8128
17785
27120
32723
10184
22718
23113
11157
15444
10461
16610
29221
31698
10779
4671
16903
30340
22595
5457
22391
1155
17560
2458
23039
15619
16399
30866
30792
29400
30139
13896
30257
23098
2441
21836
24862
15301
3885
4557
24210
22723
27996
30719
18689
25774
316
18879
3807
14321
5657
26490
2045
8175
1369
16459
13589
28742
4786
3427
7588
14677
22682
23726
16375
18428
22783
11956
18313
21154
1593
11197
32140
30589
22589
13368
10182
28685
16915
20573
18846
7658
7050
17170
31607
21696
21290
17419
19516
1432
31850
9526
24892
12121
3619
26454
18489
14478
25925
493
12219
5737
24521
25184
31146
25864
9190
26198
23580
21752
26504
21857
1132
4600
19454
7648
28812
1791
8690
22820
29340
9088
10655
23249
4795
1516
9022
20359
17181
12153
17345
11970
6749
9506
25028
1023
2069
8686
28353
21281
14253
15990
4227
7186
5488
12705
28381
16813
10725
3763
2459
22492
16220
9350
10937
7421
1479
25110
18643
8843
10443
25668
28125
26874
3095
4307
30228
29410
8693
25271
15156
4960
4126
19343
32748
31674
5843
20080
12175
19521
28201
14308
17932
11388
3493
5938
29728
11906
4616
23776
21450
424
13676
17015
16640
14428
3472
24454
10912
9553
1137
4073
28585
5085
16154
3915
7339
24479
26300
28138
7548
12132
2049
17050
14125
22347
31902
15885
24124
9768
4904
849
15627
8743
26920
27034
32401
30898
11121
2882
12624
9620
12465
17934
22151
5470
8775
4275
29096
18185
10068
18841
11276
12510
17941
25310
24806
27795
28528
3998
9590
28343
26828
22130
8575
19792
2086
11574
19450
22978
30305
528
24588
4594
27614
21933
7734
11436
6989
19150
11724
17730
16067
20228
12968
27254
31500
16567
27423
5274
3394
13933
27188
18166
30366
19273
16908
24682
6799
5330
12962
24405
777
9719
12476
7349
16160
17231
22814
17039
4053
11429
9213
401
22320
8115
27830
18934
32143
30766
8640
2986
16701
4355
12511
16814
9286
19169
923
19647
27786
23543
8177
24882
27153
19711
16712
3107
30622
18299
32167
5070
27015
6462
19236
14141
24259
4399
31136
4388
10309
6474
29873
8713
14984
12775
25056
17831
23916
12863
28437
6037
3648
29228
25935
2851
18464
16688
21400
14981
9857
20153
26169
12595
5642
26531
15914
13711
1958
11519
23756
21960
22999
10259
30682
15359
27725
24481
18845
3497
4535
21101
12640
23093
21465
31481
14372
23790
15838
16531
19861
5666
8432
31121
20796
32644
1799
25308
15349
24527
18430
12459
32164
428
29932
7313
25380
20950
3505
5306
6272
10364
13519
28786
7014
16871
21884
19942
12760
10844
28661
32047
14629
8516
20
7308
24856
14218
12837
18927
10095
11589
23030
3516
10126
21143
24621
25293
4725
28628
6622
32697
25328
30951
15965
17750
8717
4082
28497
30332
20435
6965
1802
7436
17457
29233
8469
16433
7221
26125
4365
20454
1919
10552
15283
27065
2548
23120
1601
23246
1463
13891
20476
806
8533
13748
10761
32289
24127
6560
16769
13378
29566
11073
12232
14899
16546
13106
9498
8457
27899
27605
8550
7112
1804
29426
12128
7722
14397
32416
21970
22684
24784
22889
13106
13706
12310
27049
30586
15324
3299
18487
12340
31425
25151
10823
6868
25259
9310
8847
29003
12187
8659
32169
25817
18590
29952
15801
15139
14487
10705
31055
16773
9280
27562
8591
2729
24940
20381
29583
10841
5007
3809
6400
25489
29055
17791
15377
31961
6268
2383
4752
11985
4207
27939
9298
24846
25967
17474
20694
10532
31369
14872
22565
16388
31169
4651
27388
24969
1364
9297
1581
19021
3648
26913
7491
18369
29702
10919
22629
3709
20911
11612
27005
19156
7181
25940
15513
8108
30019
3002
1937
1932
22920
10362
31978
19447
2343
25661
9722
1785
21450
13978
10317
25343
10489
17546
31304
3308
4574
797
19212
3176
30795
29292
8605
30331
24318
1231
30532
11868
28451
1616
20785
10371
32538
6239
7525
25605
30331
5575
22223
3617
13143
29408
13493
1046
21697
28166
26966
10040
3725
9291
13262
14147
27224
24169
18745
9967
6601
10747
22811
7877
15893
4844
12544
8752
18633
4399
17247
2775
22980
32432
5572
20010
16002
10635
23086
16699
30369
22141
14262
20176
24989
18327
1650
21430
31199
6970
665
5464
16630
5951
15080
1680
16676
13430
15940
20156
18460
32338
19616
18197
16138
6882
3873
25148
17364
3843
7040
12822
26527
4821
18097
32730
13974
2667
2754
10856
27878
30407
1029
16093
