100
20071
21126
1929
10641
12468
584
3207
5384
22843
14640
661
24011
3172
19607
16886
12837
23078
31786
31989
26432
16074
8091
1739
13443
16626
23702
451
14621
12505
30967
14492
32738
27868
7482
10031
30039
20282
6962
30290
1032
10520
3326
28411
19234
28360
24634
10409
9021
31050
8562
30463
25978
275
7132
23218
10446
13838
8518
31142
27037
6369
3661
25172
20363
31089
24272
7791
1423
16040
26276
22727
22601
23414
649
6765
3733
5397
21853
25368
12384
32402
26000
8391
12218
19849
11992
19112
10285
27696
31782
9017
10317
27798
7640
26029
14737
16685
20528
25233
6753
