10000
32013
29445
18801
32612
19285
4566
9286
19535
17051
12080
27376
9062
9813
2628
814
10622
17876
15281
20339
29262
29894
23543
2957
31359
27902
28206
23684
2050
32120
25336
6085
25766
10903
18356
1407
9962
9138
30196
8782
32015
12751
22321
9239
11890
942
4286
17971
18201
31498
11259
8399
8588
24347
3787
3986
17126
6239
22600
27521
15659
22938
30133
7200
3036
23068
947
17370
7881
1346
20408
2979
1831
17215
3518
20956
31458
16156
5688
16503
8757
19966
16458
3675
25463
23464
11321
28682
8504
64
4641
31617
7820
9046
26854
864
32167
20514
31084
11594
3242
7949
12811
18319
21693
22644
20029
8712
8030
13480
9882
28227
26104
23865
15623
27360
24504
4980
22826
24123
8604
8234
18721
9292
1229
28851
6771
21451
18222
1331
24390
16023
6709
5148
21459
20824
5114
1780
30744
5731
13965
13401
29132
24543
397
31554
19096
23846
16886
9095
24196
8046
5179
10148
3760
20905
19605
19386
3140
10154
14746
9686
20393
18568
29969
31606
4090
14407
14085
6217
20149
1205
24344
567
19383
14739
10266
11937
30055
24565
14810
7402
10545
3308
3388
31286
22582
17249
22156
12913
25665
11588
27154
4756
18685
28647
20199
24611
25958
8100
29703
2554
31102
5830
15270
22090
11329
13223
20680
12767
11738
16917
31500
1188
18967
5114
25800
12136
32539
3388
1883
5858
27731
9955
12735
24563
11691
11642
23902
16684
30465
16055
17703
3472
985
19038
29408
23707
12115
6754
14014
29571
18523
9805
15667
21437
30240
13795
14087
4803
16583
5890
18346
24341
4704
27341
11721
22141
17433
19978
23071
4504
2993
24775
26766
2194
23856
28996
12142
13617
5334
19981
22821
5653
32081
871
15351
30526
1587
2029
25632
9166
16034
7291
1056
25872
26705
25419
16215
29370
14000
29278
721
14447
3680
25886
24675
5256
22762
12609
8183
29716
16560
17136
31524
28701
26916
9257
14082
20526
30519
13154
4156
5649
32277
11631
11622
30429
9231
3749
2961
25905
5080
3904
6429
4282
3573
16130
29391
32507
11887
1053
30499
8525
15051
339
9188
3108
3131
10076
29177
13205
27158
30088
9090
20757
26758
11685
14372
22148
8065
32547
31648
4714
19962
28022
25259
27008
15704
30140
10746
18802
31015
14240
27548
14563
12045
9598
7820
10417
19200
32712
13447
27259
9143
8104
18971
28769
19294
21734
7425
14859
22670
23309
15532
4845
15228
10697
10530
1481
29553
9364
21515
10613
14458
28049
14343
10974
28000
24504
31301
14413
28122
29748
19026
12777
3330
5897
29742
17278
22534
12026
22693
19324
28960
23722
16348
13123
5832
13569
14891
7325
11048
31441
810
2188
20432
7098
6927
23367
27051
29771
2615
24959
8497
8041
770
15078
13023
21749
21988
19954
9188
7081
27577
10462
12062
21059
14937
29683
32324
21478
26477
22789
869
15293
3457
1088
1681
3041
22362
8741
15318
15229
25993
32463
30062
28720
12864
10875
17974
26290
26469
18247
10338
20155
23269
25658
31855
7712
9547
2437
29786
7999
1681
23048
16144
16030
3381
28184
2085
23503
13200
19328
8136
8599
26468
7877
24311
10575
12212
6575
7151
28041
25816
6916
17127
20471
11984
919
26365
13961
15833
23681
24433
982
28990
12975
17681
28349
24689
19357
25588
32076
31322
5984
30059
9952
12015
1002
13877
24974
22277
5514
11506
7874
20069
26802
13530
31526
29731
253
8367
9670
1323
2416
2544
17009
1309
27137
8272
19298
10587
22101
3431
13856
31328
14798
16550
24482
8019
9413
14224
951
2011
7956
5671
17317
26678
984
9125
16
15237
19061
32621
2590
16490
24794
8769
28633
9173
31494
32693
26581
19995
31690
23524
8210
1609
23249
10593
29731
24503
11231
881
20112
9696
11094
6263
14714
14960
29694
6319
25213
6559
16901
32031
5595
30910
26437
15051
29910
13071
21702
13865
27485
30938
23940
2772
10475
29885
5746
31620
8365
23364
30654
7742
21731
6330
9047
6344
29064
4414
29869
352
31285
10009
15800
14253
3907
31566
21819
18934
3632
7283
23114
14994
4419
6080
20746
14752
4723
8294
31928
9976
13702
16673
6892
28769
32118
19473
25631
8196
28952
31942
30059
12064
29439
154
1939
28928
20639
22851
5955
10794
19630
19880
25241
10202
10448
23796
24547
27566
29298
26601
4523
16291
5878
1144
23537
17984
785
12174
16055
23313
20850
20784
6595
22359
19621
18122
23968
3838
18486
26564
19942
6607
5401
14423
14523
15591
5449
16031
18330
2152
12976
11761
19795
32110
15687
23662
13651
20549
29822
14040
30758
6873
16350
9893
14650
4973
23277
7762
29158
7056
30802
16378
19882
15181
8249
21031
7097
23715
19961
30440
31156
23349
4340
22820
7097
15425
13503
17453
21916
8918
13444
22936
18804
21570
32164
22861
24410
24778
17824
12250
27245
17567
30521
16141
7962
5389
31446
5313
16026
3572
24103
1016
7099
4988
7944
21546
23780
31749
7592
31453
8019
13917
31210
4982
24490
8246
24587
2383
19370
8407
2182
10249
24894
23569
28468
1572
32443
4469
1464
32204
18534
31684
25882
10230
1847
17575
17074
3500
25820
24736
11336
933
10497
26433
20345
25625
23503
15260
20572
6867
29106
6394
29542
14216
25696
22480
7819
31335
23831
32494
30118
3825
21541
29946
5659
26891
18862
26141
13755
30802
31658
12796
10472
9646
15661
30186
5113
20266
21227
1883
19424
13827
30971
29340
10761
4862
30171
20930
22406
17663
24245
4065
21354
19928
28896
27774
14450
4447
9386
21318
1515
2755
23893
23552
28623
27680
23135
1728
31282
23632
19975
2141
25564
18181
15628
15142
9272
29460
3000
2001
109
21268
23581
23220
31690
17448
8607
31032
10087
12057
3506
19338
5385
16296
14821
28307
28999
9762
13088
8747
2283
5940
18985
26505
15771
32257
19821
25598
11705
5234
4094
23524
4999
21965
25048
22993
8079
32650
23912
22032
21058
5218
11855
29265
6367
5544
13667
7583
12694
26332
11766
13459
6894
3966
14428
29127
4708
20256
28071
17038
26196
14271
24757
21474
7965
16979
12397
27550
17281
4517
3909
25070
15434
22369
25607
20227
6963
3948
26582
16651
18693
1399
25964
3680
24321
22741
32165
6143
12158
29321
5441
4157
16851
8612
20453
6581
17783
20942
15460
21125
16487
4130
5693
8122
31944
21055
16485
19720
31182
13211
23878
21695
25564
7451
10247
25594
22509
2785
29454
28441
30258
25702
28611
27250
2044
6856
9111
31556
15581
357
11846
13548
17162
5288
17752
13916
16132
8995
2286
15304
26232
3294
5563
30882
16995
3311
30801
19913
23673
16715
26014
12286
23496
25820
23734
21143
21657
28628
5587
27255
20375
4672
25241
7485
19507
15584
25503
28860
16966
11318
14124
20140
26360
10717
1342
28830
14562
30748
3281
18486
5999
7099
5725
14228
27016
30741
28577
11795
6000
29039
21663
32054
23532
2440
27112
31199
12456
10865
11289
15810
22998
5023
30886
7450
21784
7487
5078
9370
12192
17865
20495
13223
1941
15832
14932
1732
15545
26169
28684
17998
5194
29762
517
28009
21542
12389
2232
7482
6450
773
19919
12375
27899
17287
12004
8827
24222
32173
7564
8319
8934
8479
24724
21637
32693
20299
31370
17015
1701
15215
22911
18608
25326
20724
13324
6392
16011
5118
14227
15798
664
28737
27591
32609
30463
27158
28527
15928
1363
26062
29287
5171
8956
31046
4327
21305
9877
31675
29703
13203
3218
18400
23427
18081
28454
25646
29884
459
13668
1404
8960
30139
15780
8143
7435
1481
1832
31091
974
13239
7935
29771
22127
21407
21546
357
26512
15401
30462
29393
14292
18177
10185
8116
22943
13705
30904
3736
16926
19915
26360
6662
11144
17329
28444
17239
27811
17016
16575
10183
27017
10850
21866
19403
428
22187
28344
12453
7960
32703
16311
26677
19192
3498
17810
6930
27484
28368
4973
13529
3641
18142
5521
10949
26033
2560
4041
4224
22933
22613
23307
28473
21033
11680
9819
4855
8231
14656
16109
16941
9734
29282
9098
5006
9851
15477
26420
22050
23617
12254
9997
16282
16150
23277
6005
21729
6662
3856
27763
16627
22251
3655
8534
3570
9013
11480
25500
29815
20967
15172
9490
13606
7906
19577
6461
12421
14182
11337
8697
12558
11222
6683
28512
7042
11963
7137
22253
31105
17676
32074
9697
4696
19373
20280
29414
1562
30261
31604
13043
7922
10996
16545
5487
19639
24629
10862
27545
32449
24256
23056
7975
20475
3491
13040
31789
14650
11058
16288
21057
15821
5965
25364
12509
18006
4833
10767
17157
7640
6321
20699
3625
17680
13143
20797
6220
4105
29829
3240
14694
16875
29073
26289
7175
6931
26929
25539
12606
3433
30339
8212
7097
2798
30032
13015
22061
8853
31633
20916
6393
24404
3122
18549
17158
7546
26391
6402
18929
19011
6749
22415
30060
16810
14562
5908
27105
15998
23047
31229
18009
4280
18100
15139
22941
3596
30621
17148
12954
28862
18628
7438
4106
6327
1599
25002
29521
25304
13884
26582
23205
2702
17474
21387
26226
18855
29114
21537
28157
10852
12205
9991
18247
16335
17871
12983
17972
14414
27325
19945
14060
32377
12675
1799
22402
23593
28769
32738
5332
21457
1231
12707
3762
9234
6334
11524
10050
10633
19745
10944
8610
4844
28076
71
5072
6997
4571
19639
12231
16093
20279
29192
10219
7533
24789
11910
12967
32721
26655
27269
29013
13070
10966
3664
15966
11766
29272
29794
9890
13561
28703
19417
4634
28734
19339
32551
24507
10227
15585
29451
30878
6881
22931
12736
7775
9027
30146
22132
30915
7640
16129
19707
9885
18231
29788
14789
22002
867
24473
7693
10075
17311
29629
3156
24747
32387
13522
270
13010
28240
19688
13211
5889
2433
29274
29560
1807
27042
850
26039
5404
5221
31375
13996
9844
23283
8550
5098
21941
17280
8967
622
16437
12578
25858
25881
17054
15843
18698
18276
26843
31509
15352
16463
5432
3045
13843
410
8900
20019
4238
26424
1786
1441
21586
6913
13985
15594
26110
8359
20977
20854
13100
24043
23543
23851
17655
29456
315
29317
23482
30608
12703
24297
30745
28431
4490
26422
30022
2701
1606
12958
6269
2527
24999
22452
14801
20832
28910
16325
27179
2020
29420
21612
14992
20717
14699
11105
2210
30498
31177
9362
29802
6908
4326
11893
25428
14787
15937
9372
13435
8377
6749
31882
2599
8341
19562
13509
19604
5426
17185
14892
18934
5513
29936
14219
6073
24541
27479
877
6413
22069
7570
8241
20130
7951
24184
608
21424
15955
24995
4414
11323
14982
7121
5535
18581
8768
650
2812
25124
1504
28419
1734
5477
14718
10307
10746
23857
29473
22660
20726
21312
6450
29148
30091
23019
21809
17948
30547
4918
16039
22009
15941
18701
12892
7017
27526
10958
10697
21328
3202
1032
9936
2652
1084
20611
1963
28973
7906
20864
22307
15290
933
2113
27906
4080
30920
14796
29386
18332
11766
24557
8359
2442
216
11130
18083
32238
28647
31706
30233
8708
12159
28616
24428
32500
5429
29525
14328
18424
19819
28460
15433
9152
3874
32026
8843
9494
16911
17870
4418
14014
19184
27613
28220
32416
29216
10249
6595
31785
6249
31426
27159
26094
11802
5869
31515
2706
8282
27109
9806
14570
12476
25791
14077
29536
27412
27347
11959
29333
11656
2423
11778
15179
30442
23822
21836
19329
28485
18242
12836
8927
24245
23181
3242
10837
1660
7934
10564
16128
4179
5178
21139
25677
2046
5313
16294
24928
4899
32370
10861
19895
23388
17490
10864
20746
24203
19849
10176
6774
6510
17837
31278
21211
16499
16963
2236
3715
31437
24963
32081
516
21447
18012
24753
32359
22104
5560
12971
30857
1784
22785
21141
8130
12211
27108
19445
18373
12924
19285
23425
10695
21955
5075
16458
16612
16202
19693
11572
17854
4404
27653
28329
3431
23903
18516
6286
20353
25331
12846
20598
6051
19003
3975
2070
26111
21172
8631
15354
17218
10084
22650
2678
19388
19821
22075
14046
30145
24802
2450
27897
5967
5081
11
22708
28400
9154
22057
26132
13282
14583
26794
15726
29046
25748
11021
20442
12726
12424
18258
2021
15178
30188
27393
29318
26269
28052
25965
29780
20027
12004
31546
24309
24190
4325
4893
31450
2153
8600
8163
22825
7124
10123
27573
507
3273
25001
10394
21192
10287
31062
27197
8479
31653
23228
27889
30107
29873
26463
19954
29458
31514
14072
6381
15887
2706
23168
20163
30851
3992
21899
18827
9655
2973
16855
8662
2693
17510
20773
31030
24008
689
8519
19969
23825
9243
5755
15442
6556
1089
12279
20561
4482
294
2757
19892
26927
7893
1745
4230
22807
3655
16961
27431
9125
7046
24324
9621
10100
18195
18094
489
25026
3717
24707
27173
29986
10356
28113
11052
2160
14229
132
24850
4618
14630
16372
30870
25405
12941
28673
27117
2046
25148
28258
4290
20187
30679
6714
17786
3377
6041
23020
7100
29598
11508
13105
27185
1721
20599
10600
32648
4097
17653
22061
10430
6932
20452
28716
27804
21282
28931
13367
8321
21664
15680
25751
14945
18241
24792
21152
1038
21538
3264
9865
5046
19524
21316
22906
11693
4928
14318
5605
29549
8758
30377
29210
988
14087
17958
14614
28877
964
6527
13724
11720
29286
9498
13192
23566
20671
10961
11103
6104
30896
20815
19498
10976
18589
2749
22405
18466
30
20127
1011
13540
21751
11000
22900
756
21579
28853
15450
16433
25612
32584
6744
16204
30902
29588
28124
24016
21309
15881
2974
27488
23363
25616
28281
5696
27023
28841
30075
280
5819
22610
18488
26100
25132
21548
21859
27278
17736
30809
8095
2512
1762
2472
19602
13973
25337
22132
10811
7088
23203
5833
7814
7471
16452
6089
13598
32481
21507
13902
16259
21525
1151
27857
15196
7333
10173
30859
29454
13107
16486
23001
3213
28851
9007
13285
31347
10537
4248
20355
847
26036
5849
17753
21311
32716
20505
4931
19393
456
20706
8438
1478
28835
23250
30691
14856
25343
10131
12894
926
2410
24589
26111
12493
3041
5081
3400
5666
24722
17657
13449
6077
32742
23495
28161
23792
6591
5932
20806
25097
12287
19730
2535
23659
14921
3868
14671
9444
14091
1940
12268
7226
19900
8869
16785
15879
26210
22474
14617
21959
23128
10118
12110
2608
8782
8534
18697
12994
9617
1508
8346
11166
3725
22909
24169
7067
18576
31429
17630
24727
2768
4521
13183
5643
5296
27286
25944
27106
32575
4584
28320
13196
18433
17318
15769
334
30963
876
8888
4060
4553
28840
9222
24617
5754
11017
8134
24446
26366
23349
600
21962
17494
13243
4957
3641
9934
32328
7708
28167
18815
2333
31013
28055
3863
2240
12595
10175
9181
16882
23383
29542
239
4066
21075
15186
13518
6816
25412
2107
5405
20948
11653
28964
15782
32688
14799
26091
158
2083
3237
2078
11306
10320
14319
1552
18722
19006
12261
11308
14100
16593
26414
8330
18828
32761
30281
31936
19090
9513
21037
14843
1653
25611
22060
9038
17607
11122
9501
16969
21161
5776
9658
31182
585
32361
7751
17184
17320
16263
13173
16701
15009
2031
20101
7790
30247
16725
11952
26652
11470
27532
10695
23781
8844
31552
24599
24815
7105
4327
26511
3196
374
7157
12837
2239
6882
15951
13173
12015
51
1027
2475
7577
10891
17206
11684
14394
17736
14430
28240
17677
9352
12977
15195
7458
1260
25820
780
8880
30877
11769
10093
29100
9613
28347
20140
32410
14592
16108
4801
6052
13386
5914
21585
31721
30426
17037
13522
32023
10615
11644
31729
24380
28362
25472
27696
27353
32029
21064
19156
25913
1378
9359
7934
25344
2935
18763
27672
10503
5032
31527
27506
3943
18806
23604
2349
6868
918
31195
10329
16429
18749
19735
29274
1616
15515
2785
13712
31283
3749
22763
5943
10545
24600
14992
7307
5537
13243
18955
20272
22957
21988
4584
210
27746
23869
6841
29193
15619
10440
266
24703
6307
32545
10135
16468
3570
13060
22972
9409
17240
28942
29228
7164
29504
6856
23014
604
695
21217
29541
4286
26165
7867
17943
10791
18618
16682
32273
11435
10525
12920
5121
18829
24993
22956
12644
10407
19914
27403
9465
23308
623
4064
31605
24813
19471
15225
4216
18105
26473
20850
11200
7560
10310
310
32413
21178
666
31426
5540
10971
10699
24748
4776
25546
14929
7012
17126
16923
8575
29115
25984
3513
14240
2721
13869
16848
16454
15411
4142
29674
17631
19445
15748
13912
32137
1115
18016
31187
15400
17295
21723
12899
3509
26478
231
17280
1497
15059
6277
30583
26810
18457
14393
1552
10005
13531
18363
28270
24717
2814
12016
10294
24642
4850
22296
28660
18342
9012
19529
12986
23436
2328
4892
23818
10114
28357
1702
4341
27489
25217
21162
1925
1826
25391
24076
8537
22771
5653
14729
27279
16778
2531
26278
5607
17082
10993
2790
13092
27716
19657
25408
9398
2799
27877
3024
6295
19931
4794
28621
2163
22034
28917
30139
1291
25696
11268
15330
20699
6501
27096
30974
3578
31720
3817
21816
835
14702
19579
20309
15538
21771
25632
558
2832
14457
17535
24160
9939
23399
25427
11332
31296
29971
30903
27170
22226
27675
32672
23201
6623
30865
8107
22402
1145
11341
25625
15502
19091
21895
25623
32461
7524
28581
16451
17401
13585
5713
6509
3634
7558
11983
25754
20467
19108
15245
16463
31813
14242
3580
12044
26419
5549
19103
23318
2685
19922
29538
18297
657
23070
27692
4686
22454
14852
11703
11322
26507
1534
6816
10551
688
26231
10938
3735
4803
29161
24744
16966
23694
13891
15787
32591
12926
29069
10168
29601
11095
15822
30158
27412
12583
13358
5766
11175
31865
19288
1260
26379
20426
29986
32653
25958
1857
16240
13777
19793
20634
31829
24459
11554
8036
13692
29391
10609
12652
28359
27652
29909
14201
31797
23609
29935
30265
28425
12733
14506
29564
24105
28393
9152
928
3524
17217
29569
19276
14903
15036
208
2402
2610
30559
25454
15662
27670
10512
23163
31972
25250
14250
7737
4169
1231
21325
32532
9136
13560
24312
30175
10024
21310
26969
2401
11764
28459
10211
11536
25147
15510
10274
32028
24833
20422
11083
31663
4694
25818
24600
13172
20941
13927
28370
25430
31536
10084
2991
6026
12146
17475
863
21455
26085
24417
30178
13044
7597
19616
13212
8091
17269
82
28843
2622
8033
5466
17016
16495
24387
32397
7052
18788
4369
26463
14758
27570
8599
1979
14858
16473
13161
28466
18459
30465
25116
2904
6700
12163
17845
28011
12436
3243
19042
4918
2816
25661
12392
14133
18446
12341
18525
27642
25367
9555
16279
1743
1099
4823
4324
7581
5892
28554
28027
7181
6740
14333
12851
13292
24544
533
15603
11476
11506
27079
13930
22281
29129
15137
9216
9633
2868
32138
22028
13288
16991
17482
1607
14850
32492
26701
14977
13522
24389
3875
16274
17691
11057
9036
20628
2533
21670
8627
15951
31267
31455
24696
10997
402
9133
13042
11792
25828
7954
3829
29880
12574
18700
5968
12809
14911
7599
12186
29652
27938
21366
32047
12181
30885
28635
31093
7077
4619
2597
31076
10417
22687
12418
20037
12139
7322
9045
25529
9855
3399
23249
32510
29897
4709
2759
878
13253
21709
6332
24648
30279
14933
14399
2995
26476
22771
8570
12032
21968
9510
5638
26672
32513
24465
10244
17590
12084
1513
30569
22910
2359
19218
22937
7213
2727
23173
7992
25003
8291
27381
27708
9695
24384
25650
22087
185
13567
7245
15669
27766
9596
28669
4592
16671
26663
14913
32652
2387
31160
28487
10896
5191
30239
24205
31377
26891
20154
24646
8710
32527
12491
29183
22615
24549
12329
1666
31287
5704
2614
3323
1076
3678
5392
29529
7052
19258
12044
10231
6467
5541
16992
24188
19314
2078
12575
7168
24802
7199
15723
20080
13017
7330
16870
29491
24884
8676
20073
4365
29878
31337
31993
2372
31648
9536
4854
1026
21634
16776
17046
31739
6992
5939
8338
11599
27832
7434
8735
27570
29619
8177
14112
9162
30043
28525
21658
3032
20220
13155
872
18331
6765
20259
18224
882
27809
30116
29077
19136
25209
21265
13742
7572
28636
28549
4023
2442
9482
12052
21767
18924
24109
4874
66
13085
4402
8311
3536
27960
11734
4075
31886
16884
17412
10878
18115
459
25694
30739
26453
17499
28442
8926
16189
2060
17679
13348
28472
29939
3855
3650
31167
18166
3960
18417
16698
9009
12806
19656
13937
23705
19947
26371
19267
27615
20002
5762
32154
7832
13312
22805
3742
16794
10252
18422
14889
19113
3344
11927
635
17747
18800
32414
25648
1816
15035
17710
1647
28366
1920
1385
15203
13124
17251
7219
25839
1318
6511
4408
4509
2080
28846
31024
26072
26438
16119
19810
9564
2228
32264
23654
28906
9329
30421
14384
3136
17050
22303
17738
16456
25788
17735
20321
11664
24193
26213
18179
8954
8591
2709
3239
19637
173
29585
27886
20331
11815
27013
12840
9148
31092
4638
28442
17900
4119
15844
26367
3544
17859
8139
14028
17199
10178
8964
9144
16862
24472
21273
13052
17100
10467
2617
28375
7368
24197
22993
31958
4544
25349
24924
26962
31795
26675
1915
19514
28904
23051
18760
11027
10465
28892
5095
15420
18315
11946
23647
28535
20791
19408
27048
24485
26061
22249
1286
4561
5055
3057
1173
9584
22333
9896
25636
23015
6568
13367
24646
3406
17736
10262
18343
6260
16705
14381
30365
11299
27075
17466
12543
5029
22658
19570
20026
134
4454
15211
27553
17308
26499
1849
6405
5957
11851
28120
13190
24304
2818
20682
25256
32735
31347
29696
27562
14123
24290
9214
20243
4360
10817
1851
25741
25930
30887
7878
26870
32040
12029
14895
12981
17984
29179
25253
74
14044
2387
348
5417
18292
811
17714
6345
9588
11217
2961
27640
830
11690
20631
26737
10611
28012
27252
16048
11631
30349
5140
26117
28946
3068
2815
21224
20422
12558
17533
26508
7357
16059
32253
21175
22139
22794
11447
20688
13205
22730
4241
826
27832
32131
28223
20960
26604
31660
13487
2833
10522
15134
4516
13711
11212
22985
14753
18658
2613
18086
26376
16370
5489
2284
21635
14805
17166
1927
13987
7398
5066
25798
30919
28695
22430
16980
16704
24200
29436
361
178
6488
2390
21313
4285
3003
12511
11726
9693
5452
5013
30890
6287
16037
8575
1615
18870
7213
14387
11658
9788
21298
25500
5933
3580
30008
7162
5125
8672
9616
9514
3851
15686
15660
29480
28638
7849
24753
14290
369
893
15566
32239
12545
15194
23757
30063
14667
30301
20327
21748
3579
21196
3549
29842
7015
28152
22852
1491
11901
31848
544
3327
6394
11571
20021
32666
26078
23726
28826
11309
12828
23111
18447
20298
32149
17841
22416
31178
2119
18242
11563
11353
4034
10137
11022
19509
220
2691
26340
21810
29094
20768
4962
27906
30623
26433
10268
15283
11815
21
15262
11641
310
1541
17336
430
4173
16860
12313
19223
15789
32043
4895
17769
15816
9196
19694
9227
15093
10597
27840
15902
24935
13391
15484
15291
26464
22072
10889
10363
26018
21030
1508
3901
5159
13949
16496
803
16145
20002
11150
14814
2020
11489
25326
6956
18163
23308
22949
27038
8472
25701
15743
26783
9640
20030
9366
9138
2214
14559
14627
15099
19767
12328
22421
22785
29782
28536
21216
13746
969
7373
21272
19112
31060
16172
574
7338
32300
29763
31578
15990
28334
10573
12233
28861
2641
23350
14041
880
24538
8703
15251
23610
18895
2917
31960
17998
3885
2237
5040
28514
31837
29731
29662
13819
2149
28883
23224
11500
23132
10967
8245
30745
17184
14819
7752
26241
32587
11133
8812
28028
21858
30816
7552
26944
25680
26915
1494
18090
13843
11798
8071
31292
27318
11885
7945
26722
3967
21152
23043
8953
30313
19985
31327
8209
8660
11248
26529
19954
6268
9051
23160
10334
13736
30410
20115
13078
18852
25259
18102
32160
7792
24393
5901
5190
13498
14834
10688
610
19722
18777
29127
18905
4413
16697
0
29670
29236
26939
28287
7961
3533
15130
5669
11935
12562
11269
17012
32451
19121
9541
22433
17077
25005
28703
7915
28554
25682
6396
11564
22661
25454
3527
6062
24725
3518
31639
27455
25886
32679
12174
6536
17916
15142
32513
20634
11974
23562
31448
28874
1359
23649
29240
5311
8563
32048
2144
24521
12816
10087
25041
1652
29522
22803
11442
17758
6708
29398
2162
14917
6467
31124
4271
21348
8869
8304
3927
18688
2907
12023
6669
21822
29635
6042
7886
7735
22881
21090
9172
1614
30174
20447
16058
22210
3921
6242
1762
30847
7614
27500
1812
12090
27100
29541
29287
2748
2332
24977
8293
638
23270
1601
5226
28535
27430
14662
5197
22578
24071
9899
4674
17187
18686
21412
28159
827
7435
28609
20766
12986
1596
18023
10947
20549
25714
25729
3710
12856
16743
18035
31347
17469
26608
8783
18616
17182
128
8780
20478
27351
22254
9076
30580
19184
11640
19612
16872
13577
16647
4505
5167
31159
25269
30385
15048
26510
19084
10320
29372
16511
1936
15100
31176
6501
12544
10123
27070
22490
15578
22420
25385
16975
8093
22051
19248
22108
6482
30897
8381
22868
21453
5203
11486
22301
13873
4913
4715
830
4530
32314
233
12346
2975
20246
3758
20765
26783
7772
32326
14676
7483
518
29462
3777
18332
12322
22847
8719
30358
14794
1221
8515
25062
29269
19441
22676
30648
22223
8435
30077
25453
2471
28364
16
29082
13992
15723
32397
30036
29482
24854
30515
4779
28298
14604
17494
4724
1751
16745
28338
9036
5582
31817
511
11225
2569
30256
4038
4691
8307
27050
21618
7491
20991
17966
12970
20875
18842
7752
30942
29095
30302
16632
9504
562
3592
597
6966
30636
5036
30581
237
29050
13991
10641
13488
9774
7638
1125
4696
25865
29445
982
31302
20670
17066
25815
20143
14201
980
23949
23352
11296
23646
8369
23235
17625
30056
12343
3976
8908
29703
17197
8551
10026
27196
17125
13948
31086
21539
9046
31221
17123
30061
6848
1312
17254
11024
31887
24264
9069
1341
15234
1218
10056
15763
22284
13251
10151
23954
14331
24949
29533
10578
16471
7369
32355
8821
4749
18574
544
14170
21452
25667
29415
29331
28080
22313
28354
16026
4894
29085
2414
4543
3183
6309
6566
5733
3792
20425
27557
9070
8936
5412
31974
6388
24252
17338
9518
30010
30416
28684
20684
13794
27279
29418
12319
22880
20461
5769
90
5294
587
6613
20868
4417
14491
32264
28099
18237
18116
21116
17881
18405
3656
29373
1775
3157
25124
27363
15762
7283
25080
30239
10747
8739
4199
19347
10643
15546
10433
11623
22966
10422
30687
28185
22455
4012
15439
24596
16933
5249
20914
25477
24397
28637
11105
1642
3328
12509
25175
27371
23959
30216
23115
26606
1587
12933
16924
6118
586
21387
29554
18923
4191
23064
30115
2320
27664
15590
10195
11761
26966
9883
22112
11915
21769
25663
16253
8273
16034
6132
19228
8316
3909
993
31250
5794
4607
368
20597
1418
20812
30905
16201
24127
28124
27710
20828
2403
21142
27864
8047
6854
27102
2545
20374
25399
14355
4596
9186
21658
32604
14082
23612
27707
20645
27623
28564
5986
11748
3404
24636
17960
8609
11053
12174
8328
28597
1678
13525
4537
17234
5994
23403
7611
32323
12013
3102
13617
3445
2531
17880
31598
26295
26479
10624
13010
5054
30720
32027
17239
28268
14465
27191
3943
29266
3536
31625
2801
18291
13426
7637
18619
27210
22661
10254
29178
5391
27125
11967
23584
20023
243
9897
12533
16442
26275
6829
23785
16024
5653
30957
14248
7198
18807
15151
6896
13925
26505
28290
23455
23197
25937
24099
22801
26504
28687
26017
5800
20681
29555
11840
5036
26463
20494
23451
21846
2925
22023
27534
22311
11068
22543
19795
21886
13186
27286
29675
9834
21733
9023
26560
5309
17083
27794
7048
29026
20244
16882
2156
20208
2042
26574
21866
7038
14839
29723
3576
3258
31704
15105
11242
4661
10161
29652
30869
16897
25889
10823
2357
29566
10455
20444
23180
31857
19797
415
20428
17494
10484
22036
6327
8696
17705
18286
17157
14142
6918
3585
31494
16200
30980
32506
16264
698
30207
17230
3323
26200
5506
31472
17363
18388
325
8263
20014
7395
31732
16351
18615
2198
28978
22623
13002
23272
18142
30395
27097
11924
21397
25258
29710
6441
7800
28507
24113
8543
19503
17507
12493
28588
23854
13051
16526
27923
8502
27496
24046
17469
1055
9914
10256
30922
6102
6329
1772
2281
32674
15901
4269
19750
8363
23293
24151
2692
15292
15754
5037
27340
21576
6397
7762
20260
2219
3278
28718
12515
16307
11303
14611
1188
20319
6552
25505
21402
230
2828
22887
32547
5627
18940
21066
25247
13136
994
13099
18306
21593
32497
16324
24488
11346
1795
9171
14825
6275
9939
6011
25838
1987
364
8935
13378
31547
24545
17712
23468
1132
18239
641
21693
25716
10944
7545
17061
12428
3649
32720
18507
8150
11510
5694
1180
26198
30813
9112
10530
16701
880
20285
24281
6254
11807
29360
27967
22843
9469
27270
22443
28271
2362
28291
25823
31122
21713
13568
17632
12648
20226
25999
18694
2491
9475
7906
25167
2138
31475
5097
23032
27490
2319
1083
30799
1212
6440
5047
3523
28391
30805
17771
4669
32504
12517
7605
20147
6111
8343
12199
17658
17131
16142
6576
18907
12689
10367
13689
1386
3177
16557
32526
19859
13177
535
30526
3830
21430
19823
1348
14325
30152
19791
7079
23050
27150
16936
9310
30046
13794
19067
30776
8856
26142
31563
25979
3827
27358
23762
2507
32404
24712
8051
846
18714
27146
7408
15630
1142
99
31197
23199
20989
23397
31572
1793
443
22457
25835
10951
11
32291
29411
19833
16741
4103
17570
9784
8310
15661
19299
8096
25206
26305
4397
21235
21942
5022
27649
15987
15992
31180
29016
15119
1540
16710
15821
30018
24568
25601
25878
27961
23008
20267
7736
16948
2310
10672
32763
19758
19084
25603
24988
20160
18871
29979
13251
13379
16526
26812
26036
14389
9892
8951
10953
25053
16946
31988
13344
10290
20328
7919
12945
15354
12805
15233
13539
15663
25894
4129
13887
24486
7515
20202
28900
17139
20736
21919
18717
391
6859
21996
25712
15131
10913
21230
16665
7762
14510
6134
25015
13721
11956
3210
24900
31570
31651
2477
842
31027
17771
5217
5204
30440
27918
8553
11939
31744
6393
18003
14115
10502
14740
31670
9886
11246
15384
21689
29486
21428
24481
20436
11768
1855
24708
9435
10519
9099
28130
13368
14807
1287
7549
31607
27428
16444
20939
13065
13378
19888
17993
31041
1982
11530
13842
11939
20132
17270
20656
26462
9202
31051
28978
5655
25677
23276
19326
21480
26099
16620
1001
27049
27889
17269
25861
32366
12182
31978
10170
3920
32551
24523
409
5233
26836
9177
28012
30522
25323
3707
25106
15847
23116
6753
27530
4166
13341
16999
23117
31163
6078
29628
31969
3208
5375
27459
6059
19019
31377
569
3845
30152
28859
11801
30608
12777
11342
14268
203
4611
19931
28101
28133
32603
16675
22076
4304
6121
12495
9081
31639
27228
25186
28740
23537
13150
3691
1850
13590
24
2303
14707
27601
23033
20070
2145
22743
24499
18453
9979
21847
28551
24028
5659
30162
18115
10081
24613
26413
14985
20941
14314
8709
28113
3525
32460
26690
10417
6556
30242
16623
13533
15303
8158
26185
25450
16785
4717
23061
8151
22032
17374
5175
13389
17751
4167
32641
8998
32749
32612
14537
14765
29310
3458
17470
16420
1489
31643
11516
27404
23290
27331
17117
29088
6097
18114
27282
28067
22434
17411
13299
26715
5158
29869
10900
14558
6834
14607
5273
6028
25007
3905
5067
2781
21066
1544
23787
4445
23148
22267
31046
11508
23277
27620
18057
13163
17925
21353
10455
2092
515
26860
8985
9033
25665
13231
18837
2496
22615
16700
17091
6910
1935
32516
19035
22433
5273
22342
27315
1410
16256
5426
24648
21747
1501
21583
23450
27461
4939
32538
5438
30350
5658
8432
26670
11944
19528
3885
26211
26493
23724
11670
7078
6274
20597
20980
29347
32130
16595
2818
28735
13469
3316
20105
14635
32144
11314
21194
5561
32311
28811
5916
26607
12368
19793
24534
18395
23681
30242
10607
14885
18077
27163
22244
13547
28451
16201
8026
26312
3591
16992
32517
29750
10933
16048
12104
7959
30036
596
27166
3214
17735
29357
31928
7443
24826
17679
28008
2759
29403
12217
14525
16900
20390
9995
27120
10297
29158
31475
4734
17653
20153
26793
25879
321
26579
29852
30647
28979
16069
8364
28947
23488
3455
21145
9526
29906
26644
32443
25964
32154
11198
27380
1887
16168
24354
7652
26496
4921
26581
20059
27304
28496
14622
26388
17151
9736
24574
29344
31774
21160
4205
928
4720
8952
6119
27959
6622
29523
22823
24511
14251
28926
13619
15803
29596
14008
1432
15629
9309
6034
3063
10346
31520
3073
31424
21770
29319
30002
31550
8356
9412
10909
21716
2969
19711
1501
6534
17264
30711
24767
31674
12674
10221
14745
12608
25078
28606
29149
1937
22256
18767
23277
3412
7174
11053
1329
29991
11764
8565
1384
5531
2704
28146
9275
10880
32000
29574
11288
15204
31274
28875
18749
19286
8556
19961
12307
13808
13709
523
32190
23956
8692
21277
1778
3829
24600
30233
2312
15833
20792
20882
29009
32542
24652
26608
11946
25595
59
11470
16720
6793
23118
18848
31990
30594
16613
5529
12565
19784
14953
17612
11140
13353
14465
4753
18760
10209
20361
27434
2477
7776
576
22694
22422
31694
30144
14086
32017
1997
8628
29599
29998
18430
20677
23487
4114
25542
1365
16019
7495
30034
5744
26184
4182
27608
6399
11377
21400
25376
26943
11689
15689
5188
26738
24697
23262
17332
17109
4988
1688
20604
20945
5824
31578
18634
28277
5232
23224
10154
18468
23728
22864
8213
5003
10441
1373
6442
9686
6534
23433
16315
20516
29918
7683
20747
3896
26322
8658
726
25457
18841
1641
11410
25852
14587
2939
5621
26696
29947
30992
3767
18106
22456
19929
13209
8099
25237
10176
1190
9583
9880
6852
12473
19231
3088
27140
14911
26105
15739
22297
22846
6013
14758
31657
16023
5020
20758
24889
7304
5925
4775
19267
6260
8832
27507
26505
2535
19614
32245
22696
10965
16944
29807
20208
7458
17687
21128
9075
26983
16412
2618
10588
23284
17122
22507
10627
23825
31256
10714
15422
15754
30707
5821
30073
30826
24796
10153
5897
28934
20582
31025
15677
15421
2690
30674
14774
24575
19702
15247
4217
11276
21771
18136
19267
4094
28038
11440
5917
4746
6362
25103
24623
19971
11164
16005
24537
5663
27447
28705
20736
11006
1249
26257
16038
7528
28878
31114
8382
18519
5539
20075
15166
949
16429
16669
29557
29798
17235
21565
3999
7561
21577
27773
5303
5883
30471
23367
13964
3357
3834
31908
3607
28120
26617
27741
2572
26334
19322
5728
19887
6450
30214
9828
29161
9706
234
6864
23707
30772
5168
32473
8754
28823
29901
4075
9596
21883
17180
21067
27066
11500
32139
22778
19190
25499
7061
17628
4246
25893
21744
16153
3634
2456
26887
29380
18083
31796
31402
18875
17756
32622
21508
28878
8702
12859
9934
26403
25126
14986
7363
7384
11657
30994
19540
25835
2116
10831
26012
15959
1901
6343
11158
14464
13294
17554
3470
30417
3987
9241
29909
6052
28769
25118
6841
610
9770
15613
31412
24811
7774
27441
13540
18488
31268
10521
29883
21567
19113
21500
12280
15126
26552
13900
20950
7004
5260
26919
9859
2517
26338
28451
6867
8788
9298
27723
9270
8158
2526
8037
25832
16396
12748
119
24679
30129
2993
10377
21546
11965
6863
26283
2192
12641
28320
9786
11799
21620
2483
2656
6862
5910
10935
25306
31757
23443
11222
24062
20579
18826
27716
7164
15824
6990
30743
1892
6196
23180
25177
5864
11272
20526
1371
23652
8524
11136
7501
1307
2752
9361
28940
12099
30039
7645
32059
14533
3049
2344
21909
27454
9000
5037
12417
10569
16853
23928
20711
256
31028
16401
16963
18368
8637
26714
6904
9005
20500
18362
14566
9078
5691
8315
11326
21211
25863
12657
17557
24172
8656
17629
29752
15379
17517
9872
32192
29140
4447
17748
8166
25172
17485
903
13208
17048
16049
31497
28748
7440
3792
14425
19092
1492
25327
12538
8434
25645
15556
31004
10990
30039
31019
31864
24167
27781
26
15996
16167
21542
12503
26024
19642
5223
24168
5688
639
17145
28748
24579
7679
8212
31592
17315
8062
25788
26436
4822
14544
17987
29559
12324
7790
21263
12640
29122
28361
3229
17943
11191
9182
25286
2211
9533
17163
29761
20590
32106
16161
14442
2038
17167
16570
30273
22468
17377
18637
11446
32162
22230
24959
20516
9225
9682
20796
283
19929
14979
1031
8290
10828
21129
7950
25660
25901
16091
29314
21227
18245
21094
15781
18035
15127
9207
31013
23968
2509
10074
7080
32330
25713
25028
3240
19672
3424
15726
14721
15619
13820
16515
200
8157
25762
11068
26591
21265
30428
16713
20166
30060
5079
17012
5684
17564
8983
22145
27623
2104
7017
28760
12600
11777
15897
27750
12274
31592
4710
28224
4452
30800
13619
16777
19381
30484
20735
16919
31096
24012
21015
3921
20352
5324
11018
3803
9462
15982
15710
630
16808
7186
14977
13601
26276
17506
4354
900
17670
3803
14849
17295
22286
22665
31461
20319
20342
1553
28493
14177
4866
26357
28488
24505
28760
24084
9672
3301
2578
29552
27476
9117
10002
13108
14590
8190
23829
32246
18325
2024
18827
11833
12059
23717
19623
14134
6777
20427
31410
8412
25458
16227
14244
1301
10966
15690
12533
29259
16632
9688
10673
22315
29281
2496
19659
23464
3270
28471
31155
19267
12344
11865
16170
29834
16539
27848
30806
8671
2905
31894
16401
3963
30040
8805
11911
691
17705
1740
5376
26233
23938
22269
11258
4389
31726
22693
26491
6006
20419
29972
26021
20691
32084
32670
11147
28887
24937
15169
9283
23053
10476
25480
5693
3576
4325
15534
722
24151
25257
28423
9248
17318
77
12700
32022
31976
5473
2069
12235
23716
16347
6109
3604
26414
17746
22656
6229
9767
10349
9048
24215
21831
12954
26216
30683
19546
17923
32392
942
19081
3006
31939
27134
1755
21059
23293
19756
10748
12324
25560
25186
5436
16120
20953
9255
6874
664
27079
4913
2947
20623
5204
31098
15638
19403
15104
25494
28330
18585
27705
17475
11730
11472
2759
30274
8480
8267
3175
4197
23527
8605
2998
16362
8005
21249
12625
7431
11361
5008
14395
11718
3058
14519
4479
2835
28417
31719
27414
23571
3311
28814
7690
7096
8889
5703
18396
23699
30587
23373
4900
32489
2611
9014
29559
3336
19656
9694
22669
12763
4171
15009
7331
32189
1660
25549
12831
28043
31888
11862
21619
26621
13105
14796
16451
9526
30663
31883
14026
13465
25334
6194
20602
5343
24679
21078
25314
4710
25548
1399
32213
24524
28446
7730
17353
7357
20009
30905
8573
16137
11083
12929
10463
4602
24953
17466
4908
16356
12162
30724
11865
6653
12440
4064
14770
4719
15884
12388
30145
7340
7769
25524
27505
26626
9572
18605
11891
10351
10754
16995
7905
25014
29883
15310
28193
26802
3022
21440
27405
3819
116
1306
22864
11367
8553
8000
22547
31683
13993
8906
7130
31874
10871
22141
32680
20388
17316
10361
12650
17018
21774
12211
32146
31674
1639
24998
32259
32463
6712
20550
12333
31090
21797
1078
13945
3966
27250
18234
18663
6400
4550
29423
6389
1678
10799
6074
11460
24539
3687
4094
30070
4232
32342
21394
9434
30524
16855
8050
1611
27382
26815
17844
24277
10914
19484
14782
6298
27371
13498
11447
15732
30289
19180
20027
1244
4987
13192
1363
30987
9678
32308
13732
30558
15422
18656
25830
4095
612
15508
21656
2242
18385
18284
25586
1869
4515
14305
19996
9852
27222
7497
6301
31492
25564
4513
17942
19286
32751
20619
8496
32454
29350
16275
13267
2028
29510
19382
16025
20042
3931
16421
17538
23344
13320
31302
32489
19933
24988
7932
19894
23271
15717
13608
30678
23261
30153
18800
20456
11306
11410
32575
4409
27708
23434
13068
2291
19430
26440
4576
24465
771
21577
18962
5782
10077
21059
14677
3711
27341
4533
15350
10486
1187
6083
350
23368
19015
1089
2526
17689
15137
32270
12716
8023
951
14755
27944
5996
15381
19947
6756
27320
25970
19286
3044
22078
27408
18729
12450
11933
10852
23832
32085
13379
18039
12566
31475
30685
19084
11116
7797
25361
24579
23816
19930
14704
7037
10776
13934
9638
9537
24792
22604
9972
16607
12968
27426
29409
30739
17250
52
7980
27883
17130
1444
10244
5932
17671
3824
9851
28915
19313
1724
19257
22168
13867
11730
29037
7639
3602
2919
24074
10290
23991
12960
32559
29841
3178
340
16358
29740
28567
15380
17426
9898
1622
11112
8355
16778
4925
7772
25612
26307
2168
30267
759
11943
31260
8091
32055
2317
2745
7321
20222
14767
1583
1126
592
29649
7874
7171
29879
22820
112
27720
9529
24553
11905
31019
7815
25689
24417
32319
20855
26949
19115
21627
29620
19450
7558
25917
14004
28519
2356
20110
27371
8834
8168
7336
25407
17895
29656
15542
11451
29890
11412
3290
28295
13552
1686
11636
1560
29281
28954
30626
13220
18881
15920
15619
27353
26199
6415
13505
7118
30509
13996
14798
2106
32625
29835
15981
30948
1563
22997
6389
26458
26832
11948
3537
28646
22022
7611
15052
8126
12906
5137
18316
29563
28030
21295
32603
6604
2439
26975
14382
20076
23206
1096
10975
24913
16709
20928
8382
15911
25524
25313
6728
2044
11028
17759
21302
7485
1909
18200
18362
6113
16187
6125
7941
7652
19910
15825
7948
5623
5458
3871
3468
5238
26651
10033
8779
5274
11461
2350
28322
20976
8700
25891
24120
22025
1368
13142
13584
3699
8579
6615
11974
32489
1949
20567
8981
25543
30687
30269
21405
22721
15743
3831
18147
22483
468
6286
21658
9339
23227
28798
18209
30503
6201
31428
13900
31977
5474
16184
32615
32626
4217
28957
32376
18750
20056
5367
27845
6668
3346
14492
2198
16273
2520
29070
27196
9837
7705
5512
10834
30558
14317
24919
15683
5300
12724
491
10253
3077
19706
13230
29252
20513
21663
27669
31065
20296
10804
16756
2332
14747
17063
1302
23936
3025
22051
17293
29086
12843
18226
8007
16381
22442
1317
14690
22545
13695
28085
7361
27905
30403
29162
24416
16814
1128
572
28132
5616
19824
1529
13687
31010
24412
25062
8146
9698
25320
21033
5531
19218
20725
7014
31474
26146
29639
22313
23111
4754
2160
24452
12654
29362
5260
7673
5365
5549
17455
16793
7605
32453
25628
8302
21671
12768
19512
18455
4345
26948
20030
434
31841
22687
31923
19711
12722
8522
24093
5825
10669
23502
24688
11880
27161
23208
8393
16110
11030
2633
23390
20223
26286
4705
6069
3164
1709
7261
25877
26241
9394
25390
15163
15494
4231
28749
21325
8771
4270
10748
3348
183
4412
5838
13413
5547
13547
31337
15072
5778
31850
12171
14814
31412
30711
25419
20644
12427
14128
5538
13021
17005
27430
809
31559
11884
28340
23588
5804
30075
10511
27840
23316
9682
32413
6809
7993
25747
17419
23423
26171
15021
26522
2426
29589
10496
17593
14347
23376
18371
21977
28341
25206
29987
14461
27836
17354
22317
14224
23085
11446
13550
20476
2590
1669
27353
25464
12855
24530
32361
3489
15218
2624
5383
20301
4126
16492
21037
1052
2858
26656
24780
22096
27808
17610
11243
9438
30576
11820
2705
4036
7279
8020
25318
7838
22175
12751
2197
13684
7345
22810
23156
19415
3016
29273
25447
6700
12160
31819
642
12615
2863
2942
24173
12348
18539
20159
10253
3185
11980
14293
28768
8184
18674
7279
5545
29212
23242
25434
3022
28218
3342
4599
1022
31955
29195
19949
14230
13022
18343
10011
23110
2915
6818
15825
30576
24389
12060
6463
16080
3936
21080
16941
1122
5331
31167
30189
30592
27551
21288
1422
21835
2930
10838
13651
6733
25277
18370
12387
30557
2060
11419
25794
3522
5527
20492
23424
13979
25364
16829
24881
22910
4560
21916
4765
5727
7934
15581
8632
18099
28751
12351
26324
6614
3779
3986
4629
20650
958
6774
4389
23682
3166
9829
32042
25918
5900
30196
9461
31415
16209
5461
1916
30045
15339
24609
21131
18974
29473
5204
14774
21898
10579
5786
14738
25141
32213
19401
6949
28253
10750
11182
19354
29901
13947
28940
23609
15617
6889
2786
16023
30347
31652
13037
4362
9142
31193
19822
3936
5992
18915
30253
31697
2637
980
24254
5169
2865
25169
25091
26475
20142
25508
28914
7978
8712
268
15512
4569
1365
28759
16734
12494
12513
9139
6028
9922
2512
31682
11531
14981
18949
24556
19567
18927
24387
12537
5429
28954
17810
18911
18760
12750
24805
728
5066
12093
6649
27320
11538
20977
17024
10878
32753
26626
1151
18217
13370
5516
24821
13773
17025
10592
445
30181
29986
10746
25269
9707
31366
11956
5664
17958
27809
22841
10313
7620
29119
827
26218
30248
23169
29801
3275
8325
24866
13467
8238
31148
28159
20048
30315
24610
1367
5467
12888
20598
16975
17881
14059
7121
825
3942
21923
27855
11029
24721
15395
3725
7256
1677
25889
10756
20717
29993
4222
28053
13178
19201
1718
21220
7652
26102
11131
30442
8469
7133
9117
14406
31229
27508
4653
4052
22486
14746
12514
22401
22445
28351
18363
29534
22814
2201
18406
4339
4191
29720
3553
28885
31104
17309
3807
28283
4336
5479
30061
14925
30020
15949
29013
31230
22068
3251
16067
17180
21734
14263
10406
9189
14704
20139
2649
11869
8600
15560
5251
14749
3293
13600
22844
19822
27068
6869
25457
27670
2092
14729
23945
11890
5483
25109
2888
26181
1276
16254
6900
15056
2801
30757
4535
29603
2918
28477
22341
26034
9038
14978
9406
13995
11890
8232
23254
27271
28342
12562
819
28512
14494
21317
279
7042
18706
20636
13630
20932
10334
15805
6410
16409
15997
19787
5341
27746
31895
25438
5574
902
16328
32048
9825
7877
20771
16665
3832
29513
9975
19133
16622
8190
19280
1924
4446
3492
3009
14154
1791
5411
22113
25944
16203
24606
26644
28051
12000
14282
12300
25076
16678
13825
3215
25656
6962
3218
17658
18393
1514
22236
25862
4156
17258
10651
23882
7980
21415
21761
3329
10119
27730
3337
6414
14391
10240
27656
13373
29540
12423
900
15564
17896
26795
28490
21290
13060
22778
7867
19966
2129
25588
18535
12139
3577
1391
15325
32658
1830
8506
1472
12377
5819
9473
6686
28267
23619
368
30974
897
23846
16027
312
11743
3619
12190
25994
4385
4346
2432
30695
9271
31337
24926
16146
16559
13402
21957
2668
14130
20571
26463
30731
3410
24142
17618
8459
18563
7010
3557
24617
27238
3394
20965
26253
590
23948
19783
4840
30717
2436
10894
16063
29614
14858
19055
30215
1881
22473
22323
19697
32050
12210
10078
18439
28530
15273
13198
2680
3419
25469
9125
16048
12662
18974
14122
27948
11552
31498
3309
13709
27972
3081
3562
7659
23658
1818
32624
27755
9713
12461
131
16148
16024
32274
30334
21982
22084
20530
11517
17164
5885
18045
11513
30140
21817
15907
3893
21181
5469
20871
19929
20384
2689
27633
22877
17426
29299
17794
29865
25961
29439
23406
7291
8316
23662
14437
32264
17848
30029
8530
16614
15216
13168
31304
10281
10869
1590
30649
20173
22759
5645
28650
852
10058
7481
24739
1711
25564
15826
32043
12898
26662
30988
22644
18916
13522
11196
32658
31556
32700
13335
6257
21266
26700
9404
22728
10109
17922
10485
26953
16057
17746
32313
2331
13476
18099
9974
1417
25512
13299
14990
23036
21731
16333
30367
3110
31621
17341
30088
6273
16250
12307
11817
760
6986
16967
8426
24547
20797
30092
22014
26937
31682
24999
4329
29697
32017
31746
23871
23050
4624
28412
22703
11228
3187
31620
24129
16110
30760
6374
30428
27674
12274
18148
13067
4685
9556
17929
20992
12675
24496
10810
23002
12787
30384
31630
1315
11142
3045
22880
10653
16782
1966
21410
31806
26293
7516
28275
22137
7475
23187
1012
24767
1861
17907
30808
17990
23514
20728
29755
22025
5007
8479
6453
13584
25053
29771
25774
1521
20113
9318
13556
10647
893
3659
9354
32066
8814
24548
12228
14799
14174
4495
22672
22586
6890
3783
15511
8033
22790
20992
20869
16138
28655
30674
15268
7208
31585
3418
29360
12890
8203
7646
10471
11957
19264
17327
10335
10179
6895
16468
6812
5835
469
24548
28258
30291
31729
11188
20424
10724
26424
12338
26254
4877
21643
23057
20144
30634
25830
11943
32571
7527
1754
25491
4960
15999
10301
6562
10695
15306
12320
16116
20006
12278
21761
23642
8465
18452
9026
20995
12820
1367
18394
18264
16383
19481
29515
21028
21377
25631
26836
6392
26616
19998
3559
29902
5768
4734
3549
21996
30570
27997
26089
28683
11655
31703
27978
29113
20550
20101
11717
19196
10146
1347
8275
18232
28287
22583
8727
32338
3902
12815
13714
24854
3727
16265
25626
25814
6278
6201
21384
4692
25586
25735
25650
31715
24554
9463
27417
24264
24488
32429
23651
29670
14491
12592
31243
13211
1719
6510
23255
4325
2832
26112
23946
28617
22695
24752
23643
23285
17283
28984
13479
15524
17924
15693
30435
7874
20597
2524
21204
13904
14048
16788
5122
15883
12582
17572
17002
25672
8526
26054
15219
20515
5150
14460
22307
472
12264
5273
28051
4721
1447
29444
20640
5794
30795
1977
3556
10481
11856
15632
3301
24345
16789
29762
23947
11953
8556
12073
19160
1289
23277
1863
1491
5717
15249
5642
31941
10253
508
12878
12968
23187
4377
10020
10973
13847
22892
18386
15645
32440
27812
1307
26034
5099
28528
26560
26087
24353
23956
5190
18621
5540
21564
15354
8159
20930
22160
7987
3288
18222
16520
1239
27268
5795
23554
19232
10948
1226
19474
30112
15478
6238
17049
23683
3493
25486
13337
24853
32252
31907
32199
19332
21889
27106
12770
13798
4992
1204
32324
10365
10692
6148
24887
19258
30733
15849
8329
20609
7103
16517
14051
32044
26584
557
11094
29138
6436
12489
1847
6473
6836
18558
24109
24681
28300
10635
7304
6931
3740
17777
4052
14962
23026
10071
23982
14465
25133
23468
23767
23758
11573
31502
1159
15997
16169
23659
26116
10127
153
12902
25714
15717
21750
6140
7917
4735
30022
20583
16597
1418
25372
15938
11369
4506
1992
21999
13208
29620
21451
3894
21267
18831
29326
6702
9127
3483
26195
23393
30154
5187
8299
29483
19316
28271
27049
21603
9264
21838
12056
11837
20338
850
1769
11631
14635
7804
431
22675
25755
6105
7119
3021
2406
9293
25393
22445
1771
12943
9532
18263
8657
629
14594
20961
16354
16754
14775
31484
5661
20573
17768
26327
32006
5747
5097
25920
24385
1440
31248
14349
30303
13306
11552
6330
18936
11918
23176
16723
9466
26976
26574
31892
30016
28845
28358
336
18791
16243
18951
7439
24797
24372
17823
29179
570
13558
18438
19453
3028
8078
1873
20771
29325
19230
7848
4421
8944
24029
6138
14568
30845
25110
15855
27490
16192
4468
18975
2111
29609
25980
17281
24548
13463
4443
8486
7026
7094
18658
1319
23533
28683
30927
9180
21662
26317
21582
11086
25781
26231
23487
16111
29747
27
16570
23433
6151
4857
19280
14197
16759
20048
9364
29453
31938
1396
10843
11619
772
2593
12351
20788
9049
271
20970
11799
18245
25798
14993
12794
5716
10932
1470
22223
31997
15997
7507
6275
6860
18322
14540
1840
23489
27909
25028
18835
16627
2972
8634
9152
7288
4644
15638
22036
17545
30727
8039
26732
482
545
23791
13716
15720
18896
28001
19203
12558
14922
1001
28869
8185
30772
10349
28088
23011
26480
30227
23547
3517
17206
8963
8612
12184
31846
13678
25009
30149
21020
2511
31042
12603
22661
3696
23813
1338
25074
22576
27377
16942
32299
29829
1079
26582
1030
7357
885
4773
22840
11913
25389
22633
27754
3515
10359
22570
5520
21327
26098
341
20598
28072
27392
22042
1435
5661
29491
11538
21827
16308
27138
13861
6344
25389
5825
18091
3633
19523
17616
12497
25093
19502
15378
10814
2914
30060
7584
1527
11849
17601
30911
17792
30780
23421
11280
17733
11019
12029
26375
2104
18923
20852
24478
26298
7368
14316
4171
9407
32220
8583
4655
13101
9601
1035
26512
8326
26691
8605
19081
31943
6970
11213
21504
13456
4759
6099
3801
10116
28284
2072
19305
32243
10769
28409
18222
439
8404
20167
31933
32347
32304
15122
12283
27779
19282
32551
2704
27783
3896
3543
23705
21602
13578
7802
21917
21707
11438
6964
18883
31137
31127
17527
22338
2444
9181
11721
24
2274
16275
30664
3071
25543
32341
27499
18077
921
32544
23178
28155
21387
20582
27041
25912
30863
22626
9937
32639
16506
6058
4647
30518
3170
31235
31521
25976
14923
10616
22382
19910
20995
6062
30454
4601
31051
12658
14618
25211
29495
28820
10045
32439
11992
16376
6275
22990
10520
26090
17112
30604
9700
26802
23861
5530
1169
8552
14110
29941
13176
28938
26992
22430
1764
19404
1113
1684
30511
3759
24232
29695
2599
21333
27207
19886
27574
13844
12805
5059
31171
16969
25753
1965
18259
30959
4324
1879
23284
9584
30583
10399
11355
29882
5461
10506
9548
662
19450
1462
10682
20789
19100
20368
27440
24332
7344
4038
2927
20195
432
20608
21081
22056
29212
7627
31501
25992
30143
4821
23636
16321
12083
18272
28732
29361
16551
12657
32514
26291
28128
20296
28981
30764
8062
11669
3353
20321
11137
7657
9034
27276
1803
12651
28321
3630
17767
19404
11099
4006
2123
25213
10616
11779
17754
15391
24162
27927
1261
17467
14799
9932
32275
18227
16872
18108
13271
10872
15019
25595
30657
29950
23694
11575
30111
15341
24165
23300
11396
18330
22149
7281
30994
1205
14122
12767
5365
5572
27158
10771
12208
6351
20347
30089
1180
30045
9243
17419
4653
18080
4782
24707
22136
13805
29828
32526
13554
22895
1387
12625
27003
27419
3795
29968
11419
27622
20016
4348
27915
1846
6816
13261
17015
19095
3534
2449
32130
1456
13334
15172
30987
26229
2026
3232
4270
9630
15476
3126
24718
22359
7036
2494
12882
13369
31373
18092
15214
28281
2899
5380
4260
26463
2888
22638
29386
22778
5776
7565
22733
18451
8736
15245
23286
21087
24870
13307
25452
11512
6565
17626
18427
26382
11360
24819
12563
17626
21498
620
29204
18132
24411
2972
14024
12582
27478
10782
10801
10080
24456
28708
31366
12397
12931
6158
24184
14022
14636
9788
32697
22757
1377
23840
28351
7677
6111
14231
966
25320
26979
23929
20756
4961
3856
18030
2688
883
32273
32516
1589
32049
12927
17407
15028
22184
15749
26609
24088
9234
32450
14090
2718
23117
3310
19760
3172
30091
4545
4690
15473
30794
7440
20730
3318
22151
13114
6946
10963
8494
6850
29001
22621
1494
11581
24518
25951
30379
12143
1627
26719
3755
29873
15885
7458
1558
20885
20787
3186
19231
8653
31182
24862
4840
25929
6680
3651
30381
14496
25440
10954
28992
11441
24340
9778
20661
16778
3616
14991
28766
2185
4726
16339
20218
12736
5870
17485
21801
2206
26961
3695
24611
9164
31408
27604
25770
19542
14843
29058
15933
24587
31951
4460
32399
13094
27278
10555
20791
13614
7605
28237
18345
23834
28522
23294
8549
8377
8533
295
25710
31569
22961
26085
23038
18311
9635
19100
17272
28798
30154
1851
23454
15939
18711
22977
30724
16745
31199
20224
24260
8688
24878
10400
9332
21868
17503
25704
9813
98
16617
18617
29901
1782
10876
6747
16920
4291
3917
24445
10554
1035
22190
21494
24888
15376
11745
29393
12423
32449
14126
14601
13509
30105
12083
1425
21159
11717
31868
14999
25139
25477
23891
1034
27439
7380
10201
26458
1497
22347
20566
127
13272
19779
10702
4156
17779
5690
5333
16293
7937
9848
4259
15583
29344
29169
25195
5415
16938
13934
18153
28693
15717
12520
25147
4130
20602
16948
25073
15465
30377
18150
1383
30634
9530
9839
83
10388
25271
23944
27546
5956
24152
2004
14440
25609
7103
11456
22911
23402
1765
21423
5839
19306
1109
9044
16199
15882
20888
4190
11500
15632
18928
24411
20264
775
25417
32214
12132
15751
30572
30403
9177
17590
11638
1566
9378
27663
6024
4046
30486
20578
22721
32207
9046
18204
26473
18832
26658
21193
16239
13466
8433
16599
6422
29811
21056
21661
30699
21954
20522
9116
9722
6835
13113
1796
28481
6301
3964
18042
12645
22755
8665
24600
5028
16664
26533
4533
31499
1638
21618
1895
3817
28720
6696
21319
24963
11766
14168
4724
4361
17529
16332
25435
29897
22048
4963
4405
10915
19099
30492
6352
6333
6598
17520
27283
14200
15824
8933
3517
14242
4252
32736
2285
22765
6247
14522
13287
1183
1964
11031
22165
140
29764
8051
14668
20033
2514
16894
2641
2691
15198
7594
15516
24824
14400
19842
17371
26659
10304
22589
20922
31126
29435
27155
30818
23138
5769
24783
22079
18387
20828
24102
12039
15450
9067
21575
5624
203
27280
16563
3425
24008
7727
2383
16227
381
28185
12215
13305
28047
18608
20182
10294
334
3147
5812
27342
29746
26588
14990
25048
21637
11984
1324
7634
24157
9270
1903
7654
16077
292
5418
10603
5980
14934
1074
25263
21942
18713
25017
30452
13218
31591
4567
4024
29492
3924
3434
26938
11076
7593
12832
12857
14367
6094
22738
6399
9339
23789
9748
10654
7857
10836
18698
24954
20006
27419
7293
7175
7434
11015
24109
15572
19014
12463
28777
15049
22447
733
23006
28845
10368
23863
30637
22250
25607
22559
5568
2709
28830
18391
24925
17833
6877
5865
27131
11411
15630
8134
9301
5364
31457
18861
9150
10658
25954
27854
32180
4080
6951
16816
2999
29231
14542
24528
32604
4980
11687
3979
31901
20636
18605
29501
11891
12942
4539
19371
2471
30144
17148
23454
12772
11005
30372
11985
13586
21861
23773
18445
4319
10677
3588
31379
13982
21192
19734
29370
341
24414
20069
12761
21009
15645
22160
359
18045
25813
17841
8545
15795
7176
25304
13804
8018
28586
31673
14396
6353
19493
11425
28340
17683
22176
25775
12367
29243
27521
31296
30526
31169
26160
25515
1747
24262
5662
26671
10397
9892
1287
23849
17621
8138
29300
17290
23032
2759
10371
22921
6070
22948
3562
29845
8459
31095
6458
14222
14764
23093
2401
31028
25252
10440
1907
28384
10815
28513
5546
28530
13095
4112
28587
25226
14029
19858
16394
12283
1802
22122
20241
17276
21255
1587
3773
30881
13146
20788
10250
778
16753
3637
28016
9947
15924
4753
22190
21867
3046
21645
27078
577
32588
2024
13641
17468
19474
26803
16340
5905
4202
10339
4315
20731
17398
12581
13989
8365
3560
13169
28056
10124
18024
12770
19639
1051
10038
32581
7017
24758
28560
25328
13436
23172
32598
22357
6761
21671
11628
5846
8410
2997
23904
27355
20329
32108
6220
28962
25003
30881
11518
19287
2157
27002
6999
27877
20541
13789
20209
31499
20781
15912
27908
29490
3027
22051
14731
2942
6036
18995
22434
419
1571
17616
26931
19450
8260
10296
20945
24788
24534
12389
8420
2062
19216
28989
26375
27365
5387
1290
31406
22028
10112
32553
28684
25084
31188
30470
18484
30092
22865
16200
7038
22209
1719
7496
17196
15847
19699
5320
17997
7904
29998
7138
3554
7357
15369
19262
9280
23435
11303
24200
949
9327
493
6433
14446
4086
31877
25365
22936
10918
16425
12878
7622
18393
11678
5127
3731
30411
21246
27267
8072
19953
22971
13054
11328
140
5601
26596
8649
29311
6811
21313
22350
15965
30713
25976
23027
25031
1520
25657
12289
1013
24739
1453
22339
2706
31200
19443
688
28877
25582
13520
23369
5293
14726
4514
18501
28324
18207
7062
620
26472
22895
6171
30401
16382
21806
8599
15459
16407
31773
26712
8629
7840
839
32717
5309
22677
24198
3062
27338
27158
25930
25369
19290
7612
13462
30647
16954
26157
29259
7870
15599
30190
21929
1536
30549
2425
6419
28388
7046
6032
14610
347
6397
23504
9373
19222
30460
28553
17048
16119
9770
25805
28826
18629
5505
6087
24307
18723
3687
10830
28142
3523
7195
23994
28755
6615
595
16119
30512
21192
1828
22744
2777
25899
5153
24749
29998
30193
29383
4375
284
29661
10265
10011
21351
7484
13191
13686
16550
3536
13588
16944
17551
26893
16056
25204
32372
29832
21763
18591
22286
13996
25348
30871
13178
28078
9577
5726
22913
29380
20711
743
26908
23954
30685
15144
3895
31717
29492
11632
21942
29092
21129
30971
13494
5380
6030
19396
18709
23290
16557
21146
21556
26614
26351
28534
26875
6350
29469
10764
27166
6136
11813
3744
15775
21245
12478
28443
22933
25642
30287
14942
3627
17545
5901
24022
12523
23056
28004
25936
3389
13847
10905
19727
15914
6160
7853
14876
21862
2162
14212
3294
29582
8182
31559
490
13742
20230
518
21788
7174
14706
12962
6887
19982
31334
18154
17385
24503
25753
23300
32451
31732
4806
3087
27687
6265
23648
27142
22835
5826
642
16615
29693
30296
10533
32021
11887
31824
28821
12027
17237
29716
17190
29171
4532
28006
11042
14950
16989
7073
17671
20276
27587
14914
8687
29270
10250
6824
11856
31938
20832
16152
28901
29070
22672
9988
13804
19545
27092
12429
31378
3815
21483
13126
11436
21003
25964
14395
4775
24010
13402
29490
28610
3261
1016
24880
14458
32439
15583
12351
27462
24232
11085
21615
24965
16321
30656
28187
11445
21977
3524
25965
21477
3344
25865
24356
1389
17586
24760
28309
4316
12638
14599
10480
15666
10855
8972
32197
20304
26234
10958
30919
21676
27521
29602
20687
1609
13768
21173
26660
22503
23134
30693
8697
1911
10431
6357
12599
16593
4015
21056
17533
10665
18793
13197
13157
27071
4857
10404
4362
855
29415
13825
18375
4073
21269
15110
8769
13593
29162
11926
26023
26089
28336
2527
24888
17454
30011
21879
5894
13889
19660
3243
25082
1270
20021
19220
15641
5586
1341
30827
4101
5496
325
26269
9415
9829
6444
5666
10955
26589
9841
5259
27436
26917
31639
10587
4659
23795
6606
17688
12826
8483
27087
26274
25365
28331
31752
27331
9363
17873
5113
31238
25536
27292
734
2253
19279
1416
5518
7582
16504
15485
6563
20926
12604
22530
15835
16385
6128
18607
20926
21984
22521
8416
10369
15052
22485
22193
9003
16834
31835
25126
9718
6432
26947
2985
31992
11447
10984
32442
29698
28193
11597
29922
9673
30548
9310
3304
17987
15224
18809
8776
27732
14838
4653
14561
7850
26578
17474
20718
10214
17210
2809
14135
30204
17759
29076
9609
2268
9859
26393
18275
13394
10323
12116
30450
14634
23160
25883
17983
31129
3433
29142
10408
19672
26499
7742
20621
13842
20571
8292
5451
640
9811
19189
30062
4819
29291
16829
2338
21458
3674
22379
30955
10820
28894
30868
19606
22032
5200
18426
9840
4259
11131
20493
16053
27282
6318
28082
13131
11392
23312
22596
32688
16195
26164
27352
12594
24386
6125
4806
11102
7969
16484
1893
4282
32161
28775
12053
9143
4801
516
21891
13281
6186
3927
5928
27481
20681
19360
9747
4229
5054
29336
19433
4102
32373
16902
