10000
5
6
7
10
11
12
17
20
23
25
26
33
35
50
51
52
54
55
55
63
75
80
81
84
84
91
92
96
111
116
118
120
121
123
124
128
132
133
139
141
142
144
148
152
153
155
158
159
161
161
178
179
179
180
185
185
186
186
187
194
198
198
202
206
211
216
223
228
238
244
244
245
247
247
248
252
259
263
267
271
271
273
282
282
282
285
292
292
293
294
296
296
297
302
311
316
327
328
333
338
338
341
347
352
353
355
356
361
364
364
372
372
377
381
387
392
396
397
398
402
404
406
406
416
418
418
423
424
427
430
431
439
440
442
445
447
453
455
457
457
459
463
466
467
469
473
475
478
484
485
488
491
492
505
510
511
511
513
515
517
533
541
541
550
558
561
562
563
563
565
568
573
579
585
591
592
592
595
600
610
614
619
620
620
620
621
624
625
625
625
625
626
627
637
637
641
641
642
646
648
648
652
663
664
671
679
683
685
690
690
701
713
717
720
723
725
729
732
741
742
744
744
747
749
751
758
760
765
770
772
774
780
783
783
786
787
789
796
797
797
798
805
812
819
819
823
823
825
826
827
828
828
830
840
841
847
847
847
848
849
850
853
855
856
856
867
871
872
877
877
878
884
885
886
886
895
899
905
908
909
913
915
924
925
925
925
926
929
934
935
941
963
967
979
979
988
991
993
994
997
1000
1003
1004
1005
1015
1019
1022
1029
1042
1044
1044
1045
1048
1050
1051
1051
1052
1065
1067
1077
1078
1081
1087
1088
1096
1097
1101
1104
1107
1113
1114
1116
1130
1131
1132
1136
1136
1139
1145
1145
1153
1158
1159
1160
1160
1162
1166
1167
1174
1178
1182
1184
1191
1192
1193
1197
1202
1207
1214
1214
1218
1224
1228
1231
1234
1239
1243
1245
1250
1252
1253
1263
1265
1269
1271
1273
1281
1282
1287
1287
1295
1295
1301
1307
1308
1311
1312
1316
1317
1319
1319
1321
1328
1329
1331
1334
1336
1337
1337
1339
1356
1356
1358
1359
1362
1366
1368
1368
1370
1373
1374
1374
1377
1380
1380
1380
1382
1386
1388
1391
1399
1399
1405
1407
1407
1413
1419
1419
1428
1430
1433
1434
1437
1438
1439
1439
1440
1442
1448
1450
1450
1450
1453
1455
1456
1460
1462
1464
1464
1465
1478
1480
1483
1483
1485
1491
1493
1499
1499
1501
1503
1505
1508
1522
1524
1532
1535
1546
1551
1552
1556
1557
1558
1567
1571
1576
1577
1586
1587
1589
1591
1592
1600
1605
1606
1609
1609
1611
1624
1625
1627
1632
1634
1635
1643
1648
1650
1650
1652
1653
1658
1659
1660
1663
1666
1667
1667
1668
1669
1675
1679
1685
1685
1691
1699
1702
1702
1707
1710
1718
1727
1728
1728
1732
1735
1738
1740
1745
1747
1749
1750
1754
1758
1758
1768
1774
1775
1775
1779
1781
1783
1786
1787
1788
1789
1790
1791
1794
1795
1800
1805
1805
1807
1809
1812
1815
1815
1818
1819
1820
1828
1832
1834
1834
1835
1840
1845
1855
1859
1859
1861
1868
1872
1873
1873
1877
1878
1880
1883
1885
1890
1892
1897
1898
1900
1905
1906
1907
1908
1914
1914
1925
1928
1930
1932
1934
1935
1936
1937
1941
1941
1944
1951
1956
1963
1966
1970
1977
1979
1984
1984
1988
1989
1991
1991
1992
1996
1999
1999
2007
2009
2009
2010
2012
2022
2022
2022
2031
2033
2037
2037
2040
2041
2042
2042
2044
2046
2049
2049
2066
2067
2068
2069
2079
2080
2084
2088
2090
2092
2097
2099
2104
2117
2127
2129
2133
2139
2145
2153
2156
2160
2161
2162
2166
2168
2168
2173
2177
2179
2179
2183
2185
2194
2197
2202
2204
2204
2212
2215
2223
2226
2228
2229
2232
2232
2240
2249
2249
2251
2254
2254
2257
2258
2259
2260
2262
2266
2267
2267
2269
2270
2273
2283
2287
2288
2290
2292
2294
2298
2302
2303
2303
2304
2310
2313
2315
2317
2320
2333
2334
2335
2335
2336
2340
2343
2347
2353
2353
2361
2364
2367
2371
2373
2379
2380
2383
2384
2391
2397
2399
2400
2403
2408
2415
2416
2416
2418
2418
2420
2421
2424
2426
2426
2430
2436
2443
2443
2444
2451
2454
2455
2456
2459
2463
2467
2475
2476
2478
2478
2483
2484
2491
2501
2502
2505
2508
2510
2511
2517
2517
2518
2519
2522
2524
2525
2526
2528
2534
2536
2536
2537
2537
2546
2547
2550
2553
2554
2558
2562
2572
2573
2577
2581
2583
2591
2593
2595
2599
2606
2606
2609
2613
2616
2618
2618
2620
2623
2627
2630
2638
2643
2645
2645
2648
2652
2658
2660
2661
2664
2666
2669
2670
2671
2671
2675
2678
2680
2684
2685
2685
2692
2696
2698
2701
2702
2703
2704
2704
2708
2709
2711
2719
2720
2721
2722
2722
2724
2725
2729
2729
2729
2731
2732
2735
2740
2742
2743
2745
2746
2747
2748
2750
2751
2753
2755
2766
2767
2767
2773
2780
2789
2794
2795
2795
2797
2798
2799
2802
2810
2812
2814
2824
2829
2831
2835
2839
2840
2841
2842
2843
2844
2844
2845
2848
2851
2855
2856
2857
2862
2865
2866
2869
2879
2891
2893
2895
2896
2903
2905
2912
2919
2922
2925
2932
2935
2945
2949
2952
2952
2957
2960
2962
2963
2968
2975
2976
2977
2978
2979
2980
2984
2995
2996
3001
3002
3003
3007
3008
3010
3010
3014
3014
3018
3021
3021
3026
3031
3034
3048
3051
3056
3057
3060
3069
3070
3070
3075
3077
3078
3078
3082
3085
3095
3097
3100
3101
3102
3105
3109
3112
3113
3119
3121
3121
3125
3128
3130
3141
3145
3152
3152
3154
3156
3163
3166
3171
3176
3179
3184
3186
3187
3188
3189
3192
3196
3198
3199
3204
3206
3206
3208
3208
3208
3210
3216
3216
3217
3217
3218
3226
3228
3230
3233
3233
3236
3236
3251
3251
3252
3257
3264
3267
3267
3268
3270
3272
3274
3274
3276
3279
3279
3279
3284
3284
3284
3285
3286
3289
3290
3294
3300
3301
3308
3309
3312
3316
3318
3324
3324
3326
3330
3331
3332
3333
3334
3336
3339
3340
3343
3344
3346
3348
3349
3349
3350
3351
3352
3353
3356
3362
3363
3363
3366
3367
3367
3369
3370
3371
3377
3379
3384
3385
3389
3397
3397
3399
3401
3406
3409
3409
3415
3418
3418
3420
3420
3429
3430
3431
3432
3437
3457
3462
3467
3474
3480
3482
3483
3484
3486
3488
3491
3496
3504
3506
3507
3510
3512
3519
3520
3521
3521
3529
3531
3536
3539
3541
3542
3546
3551
3551
3552
3552
3554
3555
3556
3558
3572
3578
3579
3582
3583
3586
3586
3587
3588
3591
3594
3598
3601
3603
3604
3606
3609
3610
3611
3616
3624
3625
3633
3633
3642
3643
3645
3645
3647
3648
3651
3654
3661
3662
3664
3666
3667
3671
3673
3674
3679
3680
3681
3688
3696
3696
3698
3702
3707
3708
3708
3708
3709
3710
3710
3713
3728
3731
3733
3739
3739
3744
3744
3745
3746
3747
3749
3750
3751
3751
3751
3771
3780
3782
3783
3786
3789
3791
3792
3797
3801
3801
3801
3802
3804
3804
3804
3805
3805
3811
3813
3815
3815
3817
3819
3820
3822
3823
3827
3828
3833
3833
3838
3840
3843
3857
3857
3859
3859
3867
3870
3877
3881
3883
3889
3891
3891
3895
3898
3913
3917
3918
3921
3922
3924
3924
3931
3932
3934
3943
3944
3947
3949
3952
3960
3967
3967
3977
3980
3980
3980
3981
3982
3983
3985
3985
3989
3990
3993
4002
4004
4007
4012
4013
4014
4019
4019
4021
4022
4023
4025
4026
4028
4038
4039
4039
4045
4050
4050
4053
4054
4054
4054
4058
4061
4076
4079
4080
4087
4094
4100
4104
4107
4121
4123
4127
4127
4127
4127
4129
4130
4132
4133
4134
4135
4138
4141
4141
4146
4152
4154
4160
4162
4165
4165
4168
4169
4176
4177
4181
4184
4188
4190
4200
4207
4213
4216
4235
4240
4249
4252
4253
4264
4265
4267
4272
4281
4282
4284
4288
4289
4290
4299
4302
4303
4305
4309
4310
4311
4312
4313
4317
4322
4326
4326
4327
4331
4332
4332
4334
4337
4339
4339
4347
4354
4354
4359
4362
4366
4368
4369
4376
4377
4378
4380
4385
4391
4391
4398
4399
4402
4402
4408
4410
4412
4413
4416
4420
4422
4432
4437
4437
4439
4449
4456
4458
4465
4466
4468
4471
4482
4483
4483
4487
4488
4489
4489
4491
4493
4493
4501
4504
4504
4507
4508
4510
4528
4532
4533
4534
4534
4537
4544
4546
4547
4554
4560
4563
4565
4566
4569
4572
4574
4577
4579
4582
4587
4593
4597
4598
4603
4608
4610
4617
4625
4626
4627
4628
4629
4632
4634
4638
4641
4647
4647
4649
4652
4655
4656
4666
4669
4673
4679
4680
4689
4690
4691
4695
4695
4705
4708
4718
4720
4721
4722
4724
4725
4729
4737
4738
4740
4742
4743
4752
4753
4756
4766
4768
4774
4776
4782
4782
4786
4787
4789
4794
4796
4798
4800
4809
4809
4811
4822
4826
4828
4833
4837
4840
4851
4852
4855
4856
4857
4872
4873
4879
4879
4880
4884
4885
4888
4893
4896
4899
4907
4911
4915
4917
4924
4933
4933
4936
4936
4947
4953
4955
4956
4961
4963
4964
4966
4966
4970
4972
4972
4972
4974
4975
4978
4980
4993
4997
4998
5008
5012
5016
5018
5023
5023
5024
5027
5029
5037
5038
5040
5042
5045
5049
5055
5055
5057
5058
5058
5058
5058
5059
5061
5063
5072
5081
5086
5091
5094
5095
5100
5105
5106
5115
5119
5125
5127
5128
5130
5136
5140
5141
5143
5144
5152
5161
5162
5167
5169
5170
5173
5174
5180
5181
5181
5187
5188
5193
5194
5198
5200
5205
5206
5208
5209
5211
5213
5213
5220
5223
5231
5236
5239
5241
5250
5252
5253
5253
5254
5271
5273
5278
5286
5297
5300
5303
5308
5308
5315
5315
5316
5318
5322
5323
5325
5330
5331
5335
5336
5339
5342
5343
5344
5348
5350
5351
5356
5358
5359
5359
5363
5363
5369
5376
5381
5381
5389
5395
5398
5400
5402
5402
5403
5403
5405
5407
5408
5411
5412
5414
5421
5421
5425
5429
5435
5436
5436
5438
5440
5441
5443
5445
5453
5455
5468
5471
5474
5476
5482
5485
5485
5487
5498
5500
5501
5502
5503
5505
5506
5512
5515
5517
5518
5527
5531
5533
5538
5538
5538
5539
5544
5547
5549
5550
5555
5559
5562
5567
5577
5577
5591
5594
5600
5601
5602
5609
5615
5617
5618
5622
5633
5634
5634
5635
5636
5636
5637
5637
5638
5639
5640
5642
5646
5647
5651
5652
5652
5654
5657
5664
5665
5666
5666
5674
5680
5685
5697
5699
5702
5708
5710
5710
5710
5716
5721
5722
5726
5728
5729
5739
5742
5742
5744
5745
5751
5753
5754
5755
5758
5760
5760
5763
5763
5764
5767
5770
5777
5797
5802
5804
5806
5821
5824
5828
5832
5832
5834
5837
5837
5837
5840
5840
5841
5846
5855
5857
5860
5861
5867
5868
5869
5869
5887
5889
5893
5897
5897
5899
5903
5904
5919
5920
5920
5921
5936
5938
5938
5944
5951
5951
5969
5970
5971
5973
5973
5974
5976
5988
5989
5991
5993
5997
5998
5999
5999
6001
6004
6005
6007
6013
6017
6019
6023
6029
6042
6043
6059
6061
6062
6072
6074
6079
6083
6083
6087
6089
6092
6092
6095
6100
6101
6105
6106
6114
6114
6116
6116
6119
6120
6122
6124
6137
6138
6144
6155
6156
6158
6159
6160
6174
6177
6177
6178
6184
6185
6190
6192
6195
6195
6199
6202
6203
6205
6207
6208
6209
6210
6212
6221
6224
6239
6244
6244
6247
6253
6256
6261
6265
6268
6268
6277
6278
6285
6287
6297
6298
6299
6301
6303
6306
6308
6316
6317
6320
6325
6333
6349
6357
6357
6360
6374
6375
6375
6375
6379
6382
6383
6386
6387
6387
6392
6398
6399
6404
6408
6410
6412
6414
6417
6418
6418
6419
6421
6424
6425
6428
6433
6438
6446
6454
6455
6461
6461
6465
6466
6467
6470
6470
6471
6472
6482
6485
6487
6489
6489
6491
6492
6494
6498
6498
6499
6499
6500
6501
6508
6517
6517
6521
6522
6522
6524
6525
6533
6535
6537
6538
6547
6547
6548
6553
6555
6557
6565
6572
6576
6577
6586
6586
6595
6596
6599
6600
6600
6602
6603
6604
6606
6619
6619
6620
6623
6624
6629
6635
6636
6644
6644
6650
6650
6651
6653
6655
6657
6658
6661
6666
6667
6667
6674
6677
6680
6686
6691
6695
6696
6698
6700
6704
6709
6709
6716
6718
6724
6724
6727
6729
6731
6736
6736
6738
6738
6741
6744
6753
6761
6766
6767
6768
6775
6777
6785
6797
6802
6828
6833
6834
6837
6843
6843
6844
6849
6859
6864
6866
6871
6871
6873
6878
6881
6883
6892
6896
6897
6900
6901
6905
6907
6912
6912
6916
6926
6927
6928
6931
6938
6938
6940
6943
6949
6952
6953
6955
6956
6957
6959
6970
6974
6974
6976
6985
6985
6993
7003
7006
7013
7032
7036
7036
7036
7038
7044
7044
7044
7047
7053
7055
7061
7063
7064
7064
7064
7073
7078
7084
7085
7085
7088
7088
7111
7111
7112
7112
7118
7118
7121
7124
7137
7141
7144
7145
7146
7147
7151
7154
7155
7157
7165
7167
7168
7168
7177
7181
7184
7184
7187
7189
7195
7197
7198
7199
7208
7220
7220
7220
7222
7228
7230
7230
7232
7235
7235
7236
7238
7241
7242
7242
7243
7243
7244
7245
7250
7251
7252
7255
7260
7261
7265
7273
7277
7279
7283
7300
7300
7305
7305
7306
7308
7315
7317
7324
7327
7327
7331
7333
7337
7337
7342
7345
7350
7350
7355
7356
7357
7368
7382
7384
7386
7386
7387
7398
7398
7402
7402
7403
7408
7412
7415
7417
7419
7423
7426
7429
7431
7437
7441
7442
7446
7447
7448
7449
7449
7453
7462
7462
7464
7465
7469
7474
7475
7479
7479
7480
7481
7486
7486
7487
7488
7489
7491
7492
7497
7498
7499
7502
7503
7505
7508
7512
7513
7519
7530
7532
7535
7538
7542
7543
7544
7547
7548
7550
7551
7554
7555
7559
7566
7567
7569
7569
7573
7573
7578
7594
7599
7599
7605
7614
7619
7628
7644
7648
7648
7655
7660
7661
7663
7666
7667
7678
7679
7679
7680
7683
7691
7692
7693
7702
7703
7709
7712
7715
7717
7719
7730
7733
7740
7742
7743
7744
7751
7761
7761
7770
7779
7781
7791
7792
7792
7798
7802
7809
7809
7819
7820
7821
7822
7823
7824
7828
7828
7832
7833
7836
7842
7843
7853
7864
7866
7866
7869
7869
7874
7882
7895
7895
7899
7905
7911
7916
7920
7921
7922
7930
7933
7939
7942
7950
7955
7955
7956
7962
7963
7965
7981
7982
7983
7986
7991
7992
7993
7995
7997
8001
8003
8006
8008
8014
8015
8025
8029
8030
8032
8034
8034
8049
8052
8053
8053
8053
8055
8055
8063
8067
8068
8068
8069
8070
8071
8076
8079
8081
8082
8083
8085
8086
8090
8091
8093
8094
8094
8101
8105
8107
8108
8109
8113
8122
8122
8129
8133
8137
8138
8142
8144
8146
8148
8149
8151
8154
8154
8155
8155
8161
8161
8181
8185
8185
8196
8197
8199
8200
8209
8214
8215
8218
8218
8229
8234
8234
8242
8244
8244
8246
8250
8252
8256
8256
8256
8257
8262
8270
8276
8277
8278
8278
8286
8288
8295
8295
8306
8311
8312
8314
8314
8315
8315
8321
8325
8327
8327
8338
8351
8353
8355
8357
8362
8365
8365
8367
8374
8379
8386
8389
8389
8391
8410
8413
8414
8414
8422
8427
8440
8442
8442
8445
8446
8451
8455
8458
8459
8461
8465
8466
8470
8472
8474
8476
8478
8480
8480
8483
8486
8492
8494
8496
8499
8499
8504
8508
8511
8513
8514
8517
8517
8519
8526
8530
8533
8541
8542
8542
8551
8554
8555
8559
8566
8568
8572
8572
8576
8576
8581
8583
8585
8592
8592
8594
8594
8601
8602
8612
8621
8630
8630
8631
8632
8636
8636
8641
8641
8643
8648
8654
8659
8662
8665
8666
8667
8671
8673
8673
8676
8681
8685
8693
8697
8712
8714
8715
8724
8725
8727
8730
8733
8733
8734
8735
8742
8742
8744
8744
8747
8749
8750
8751
8753
8754
8757
8759
8761
8761
8762
8772
8773
8773
8777
8778
8778
8780
8783
8788
8789
8790
8790
8795
8800
8809
8813
8814
8823
8823
8824
8827
8841
8847
8847
8848
8848
8852
8854
8854
8856
8856
8866
8868
8880
8884
8885
8886
8886
8886
8891
8896
8898
8909
8910
8911
8913
8917
8919
8919
8924
8927
8931
8931
8932
8934
8934
8935
8946
8951
8954
8955
8956
8959
8959
8963
8964
8978
8979
8981
8989
8997
9003
9003
9008
9009
9010
9010
9011
9013
9014
9015
9017
9020
9025
9030
9031
9031
9035
9035
9037
9038
9053
9053
9054
9056
9060
9061
9068
9075
9076
9078
9088
9092
9093
9096
9101
9103
9105
9107
9113
9115
9121
9124
9132
9133
9139
9141
9142
9149
9150
9154
9155
9156
9156
9157
9161
9162
9166
9167
9169
9177
9183
9187
9191
9196
9197
9200
9203
9206
9211
9213
9215
9220
9225
9231
9233
9238
9249
9249
9251
9259
9261
9262
9271
9274
9276
9276
9276
9277
9280
9280
9281
9286
9294
9295
9304
9305
9305
9305
9306
9306
9312
9314
9316
9317
9318
9323
9326
9338
9340
9344
9344
9345
9350
9356
9357
9358
9359
9362
9365
9371
9372
9374
9374
9380
9381
9391
9392
9394
9401
9402
9403
9405
9411
9413
9414
9416
9427
9427
9432
9445
9448
9451
9451
9453
9462
9467
9472
9472
9473
9494
9495
9499
9500
9500
9501
9507
9508
9509
9510
9511
9526
9528
9531
9541
9551
9557
9561
9566
9569
9569
9571
9572
9573
9573
9575
9577
9577
9588
9589
9594
9604
9606
9611
9615
9618
9629
9637
9638
9641
9644
9645
9647
9657
9664
9665
9669
9673
9675
9677
9678
9680
9684
9686
9688
9688
9694
9695
9698
9698
9699
9703
9705
9710
9715
9715
9717
9720
9728
9732
9739
9742
9749
9750
9764
9783
9792
9792
9792
9796
9807
9813
9818
9822
9826
9830
9834
9836
9837
9837
9845
9845
9847
9850
9855
9858
9860
9861
9866
9866
9867
9868
9874
9877
9881
9882
9886
9889
9890
9899
9900
9900
9903
9906
9907
9908
9917
9919
9919
9927
9934
9941
9942
9943
9944
9945
9951
9959
9960
9961
9961
9964
9970
9976
9977
9983
9985
9992
9993
10001
10002
10008
10014
10016
10018
10019
10026
10031
10033
10035
10037
10038
10038
10039
10043
10045
10049
10054
10055
10057
10057
10058
10058
10059
10062
10070
10071
10076
10078
10079
10083
10083
10084
10089
10092
10099
10102
10107
10107
10110
10110
10116
10120
10122
10124
10129
10131
10136
10137
10139
10144
10145
10145
10147
10148
10149
10156
10157
10170
10172
10172
10176
10181
10184
10186
10188
10189
10190
10191
10192
10194
10199
10201
10202
10203
10208
10214
10217
10218
10221
10224
10225
10228
10228
10231
10231
10233
10238
10239
10240
10240
10244
10248
10253
10254
10254
10259
10268
10273
10276
10279
10280
10290
10294
10297
10298
10312
10314
10319
10326
10331
10333
10333
10338
10352
10352
10354
10357
10358
10359
10365
10368
10370
10388
10401
10401
10403
10406
10409
10409
10412
10413
10414
10417
10418
10419
10424
10427
10427
10437
10439
10441
10446
10454
10455
10461
10473
10474
10477
10482
10489
10490
10490
10495
10497
10500
10502
10503
10506
10506
10509
10511
10512
10513
10516
10519
10520
10520
10522
10524
10526
10532
10533
10534
10538
10539
10541
10542
10543
10549
10550
10557
10558
10558
10569
10572
10576
10580
10580
10581
10585
10595
10596
10603
10605
10606
10608
10610
10612
10613
10615
10615
10616
10619
10621
10625
10628
10631
10634
10639
10640
10642
10650
10651
10654
10655
10659
10665
10670
10676
10677
10679
10681
10691
10694
10696
10705
10710
10713
10718
10718
10720
10721
10725
10726
10727
10728
10728
10731
10735
10736
10738
10741
10745
10752
10753
10755
10760
10760
10761
10763
10765
10766
10770
10776
10776
10776
10779
10782
10786
10790
10792
10792
10799
10799
10804
10806
10809
10809
10811
10813
10814
10816
10817
10817
10817
10819
10822
10824
10828
10829
10833
10839
10840
10849
10852
10854
10854
10857
10861
10862
10864
10867
10867
10870
10879
10879
10881
10890
10891
10892
10896
10901
10901
10903
10912
10918
10920
10923
10938
10942
10946
10946
10946
10947
10951
10954
10957
10960
10966
10973
10982
10984
10985
10986
10987
10992
10993
10994
10994
10998
11005
11006
11009
11014
11016
11016
11018
11020
11026
11027
11031
11035
11045
11048
11061
11062
11063
11064
11064
11065
11070
11073
11074
11079
11083
11083
11085
11085
11088
11096
11101
11107
11108
11108
11112
11127
11134
11135
11138
11140
11142
11154
11154
11169
11170
11173
11182
11187
11191
11205
11205
11206
11210
11215
11227
11228
11233
11237
11240
11244
11245
11246
11247
11248
11256
11257
11257
11258
11258
11262
11267
11270
11275
11278
11283
11284
11299
11303
11305
11307
11311
11312
11312
11328
11329
11331
11333
11336
11336
11351
11353
11356
11358
11360
11361
11364
11365
11368
11370
11376
11380
11384
11386
11388
11388
11392
11392
11394
11397
11405
11405
11406
11409
11415
11416
11418
11438
11440
11440
11441
11444
11444
11449
11452
11454
11454
11458
11464
11468
11470
11479
11480
11483
11486
11489
11496
11510
11511
11512
11514
11518
11519
11523
11525
11526
11528
11530
11532
11536
11536
11541
11542
11542
11547
11550
11552
11554
11555
11555
11560
11565
11569
11569
11570
11572
11575
11578
11584
11589
11607
11608
11609
11612
11614
11616
11617
11622
11624
11625
11630
11632
11636
11637
11638
11640
11641
11644
11648
11648
11650
11656
11656
11656
11658
11659
11667
11671
11677
11679
11682
11685
11687
11700
11707
11710
11713
11714
11716
11718
11723
11726
11727
11729
11730
11733
11764
11769
11769
11773
11774
11777
11779
11782
11783
11786
11787
11787
11789
11791
11806
11818
11819
11821
11824
11829
11829
11835
11837
11844
11855
11858
11861
11862
11864
11864
11868
11877
11881
11882
11893
11897
11898
11899
11902
11905
11907
11910
11914
11914
11915
11915
11918
11921
11923
11923
11927
11927
11937
11943
11949
11951
11951
11952
11955
11957
11957
11958
11961
11962
11964
11967
11969
11970
11979
11982
11985
11985
11988
11990
11996
11997
12003
12009
12012
12014
12014
12031
12031
12042
12045
12051
12052
12053
12055
12062
12065
12072
12072
12077
12079
12085
12086
12087
12088
12091
12094
12097
12098
12101
12101
12112
12127
12130
12135
12143
12143
12147
12147
12148
12148
12152
12155
12156
12156
12157
12159
12164
12166
12171
12173
12175
12176
12178
12178
12180
12182
12184
12187
12192
12197
12198
12200
12202
12202
12203
12204
12210
12219
12221
12223
12232
12245
12245
12247
12247
12247
12248
12252
12252
12252
12257
12274
12275
12277
12279
12283
12290
12291
12293
12298
12300
12301
12302
12305
12306
12313
12317
12324
12324
12326
12328
12341
12342
12346
12347
12348
12351
12353
12353
12354
12356
12366
12368
12369
12374
12379
12387
12388
12389
12389
12393
12397
12403
12406
12412
12414
12417
12427
12430
12439
12444
12445
12445
12450
12451
12451
12456
12456
12459
12464
12470
12472
12473
12474
12477
12480
12487
12489
12491
12492
12492
12493
12493
12501
12504
12512
12518
12519
12520
12523
12524
12527
12529
12530
12530
12538
12545
12547
12550
12553
12555
12556
12558
12558
12565
12566
12570
12571
12574
12583
12583
12585
12587
12593
12593
12595
12597
12599
12600
12610
12613
12617
12618
12620
12621
12625
12625
12626
12626
12634
12636
12648
12648
12652
12654
12656
12657
12659
12660
12661
12667
12668
12669
12669
12672
12673
12676
12682
12685
12687
12698
12699
12699
12707
12707
12707
12723
12726
12733
12740
12745
12746
12756
12760
12766
12767
12768
12772
12773
12773
12773
12775
12775
12776
12781
12782
12791
12792
12799
12804
12810
12811
12815
12818
12823
12824
12825
12827
12828
12830
12831
12836
12839
12841
12844
12845
12846
12853
12854
12858
12860
12860
12860
12861
12864
12865
12867
12870
12871
12881
12889
12892
12895
12895
12895
12898
12901
12905
12918
12918
12927
12928
12935
12937
12941
12941
12946
12948
12953
12957
12960
12962
12967
12977
12981
12987
12987
12995
12999
13002
13003
13005
13006
13006
13008
13009
13013
13018
13019
13021
13021
13022
13023
13033
13034
13045
13052
13065
13066
13069
13072
13077
13081
13082
13083
13088
13094
13098
13103
13103
13108
13109
13112
13112
13112
13113
13115
13118
13119
13121
13122
13124
13125
13126
13127
13129
13129
13139
13141
13144
13149
13150
13153
13153
13155
13157
13158
13162
13162
13165
13166
13170
13173
13175
13178
13181
13183
13190
13191
13193
13193
13193
13196
13200
13206
13215
13217
13217
13217
13218
13221
13221
13226
13229
13230
13233
13235
13237
13241
13242
13256
13266
13272
13273
13275
13277
13291
13293
13298
13299
13311
13314
13315
13322
13325
13329
13333
13334
13341
13342
13343
13347
13352
13355
13363
13364
13366
13378
13379
13380
13383
13389
13395
13402
13405
13409
13413
13414
13430
13436
13437
13438
13439
13445
13447
13452
13452
13452
13453
13457
13458
13462
13465
13465
13466
13466
13466
13481
13486
13488
13496
13497
13497
13502
13506
13509
13510
13515
13515
13522
13523
13530
13531
13545
13550
13550
13551
13554
13556
13556
13565
13567
13572
13574
13578
13582
13585
13596
13601
13602
13605
13607
13611
13614
13616
13622
13628
13629
13630
13633
13633
13635
13636
13638
13639
13642
13645
13647
13652
13652
13655
13657
13659
13663
13667
13668
13679
13679
13681
13685
13686
13686
13686
13689
13690
13712
13716
13720
13721
13722
13726
13726
13733
13739
13739
13740
13741
13743
13747
13747
13750
13754
13768
13769
13771
13784
13784
13788
13789
13789
13793
13793
13794
13799
13799
13800
13801
13807
13811
13814
13814
13815
13817
13819
13819
13821
13828
13836
13838
13846
13846
13852
13855
13857
13867
13868
13869
13870
13875
13875
13880
13885
13886
13887
13895
13906
13910
13915
13921
13922
13927
13930
13930
13931
13937
13937
13941
13948
13949
13950
13954
13959
13963
13967
13968
13968
13970
13971
13976
13986
13986
13989
13992
13994
13994
13997
13999
14002
14002
14008
14010
14011
14025
14025
14030
14030
14030
14041
14041
14043
14046
14047
14053
14058
14064
14067
14069
14077
14078
14080
14085
14088
14094
14095
14107
14110
14111
14114
14114
14114
14119
14119
14120
14120
14120
14123
14124
14127
14127
14138
14139
14151
14153
14153
14168
14169
14176
14179
14182
14183
14185
14185
14185
14186
14188
14193
14193
14194
14198
14208
14211
14218
14219
14224
14225
14225
14228
14230
14231
14240
14246
14256
14257
14261
14263
14265
14265
14267
14278
14281
14281
14287
14287
14289
14294
14299
14308
14310
14315
14319
14319
14319
14319
14325
14326
14330
14331
14340
14342
14355
14356
14360
14361
14365
14372
14372
14373
14375
14377
14377
14378
14379
14380
14384
14387
14389
14411
14414
14415
14416
14417
14419
14421
14421
14423
14426
14429
14437
14440
14441
14441
14447
14448
14449
14461
14468
14480
14480
14482
14488
14503
14508
14511
14514
14521
14524
14525
14528
14528
14530
14531
14533
14534
14538
14539
14542
14542
14544
14549
14551
14551
14552
14553
14553
14554
14561
14572
14573
14574
14575
14575
14577
14578
14589
14591
14596
14598
14607
14610
14617
14617
14619
14622
14623
14623
14624
14631
14633
14633
14634
14637
14643
14646
14646
14653
14656
14656
14661
14664
14664
14668
14669
14670
14672
14672
14676
14683
14686
14686
14687
14690
14690
14693
14694
14695
14700
14700
14712
14718
14723
14726
14726
14728
14734
14736
14738
14739
14739
14741
14744
14744
14746
14751
14752
14759
14759
14763
14766
14779
14782
14784
14791
14792
14793
14794
14796
14797
14802
14803
14804
14814
14815
14821
14823
14827
14831
14833
14836
14844
14852
14854
14857
14859
14865
14867
14868
14871
14875
14875
14879
14885
14889
14889
14890
14893
14896
14897
14898
14899
14903
14906
14920
14923
14930
14932
14934
14936
14941
14947
14950
14957
14958
14958
14959
14967
14967
14969
14984
14985
14987
14992
14993
14996
14996
14998
15014
15016
15018
15024
15026
15032
15038
15044
15046
15046
15052
15052
15054
15056
15060
15063
15063
15070
15070
15080
15080
15081
15085
15090
15091
15098
15109
15111
15112
15112
15113
15115
15116
15128
15141
15144
15145
15146
15148
15152
15158
15170
15170
15172
15175
15178
15182
15185
15186
15186
15189
15190
15192
15198
15199
15205
15213
15218
15220
15221
15225
15228
15234
15235
15236
15246
15249
15252
15253
15262
15263
15266
15273
15274
15275
15275
15276
15284
15285
15288
15289
15292
15292
15299
15300
15300
15311
15314
15318
15324
15326
15329
15332
15334
15338
15347
15356
15358
15358
15364
15371
15377
15379
15379
15382
15384
15389
15390
15392
15396
15400
15405
15413
15413
15415
15416
15428
15430
15432
15433
15436
15437
15440
15444
15449
15449
15449
15450
15453
15455
15456
15459
15462
15469
15477
15477
15477
15479
15480
15483
15484
15485
15488
15489
15489
15489
15497
15499
15503
15514
15515
15515
15517
15520
15523
15524
15529
15530
15539
15541
15541
15546
15549
15555
15560
15566
15567
15569
15569
15571
15573
15574
15579
15580
15581
15586
15587
15588
15588
15590
15596
15608
15609
15610
15611
15612
15619
15621
15635
15644
15646
15649
15650
15656
15656
15660
15660
15660
15664
15665
15669
15670
15681
15688
15698
15700
15709
15710
15712
15717
15718
15719
15720
15721
15728
15729
15733
15735
15737
15737
15739
15744
15745
15745
15749
15749
15753
15754
15760
15764
15766
15767
15769
15775
15777
15778
15787
15793
15800
15803
15808
15808
15813
15817
15820
15823
15824
15832
15839
15840
15842
15855
15857
15859
15860
15861
15862
15867
15876
15878
15880
15880
15881
15881
15884
15885
15888
15902
15903
15903
15910
15914
15916
15922
15923
15926
15929
15929
15932
15932
15943
15946
15949
15957
15957
15957
15959
15959
15960
15971
15972
15976
15985
15987
15987
15988
15989
15993
15994
15999
15999
16000
16003
16018
16019
16025
16037
16040
16040
16042
16047
16048
16053
16059
16074
16075
16083
16083
16085
16089
16091
16091
16093
16096
16101
16103
16108
16108
16108
16114
16119
16122
16129
16132
16135
16136
16137
16138
16146
16149
16150
16150
16155
16163
16166
16167
16174
16177
16181
16190
16192
16195
16195
16196
16199
16205
16205
16205
16206
16207
16211
16211
16214
16215
16221
16223
16224
16224
16230
16233
16234
16235
16238
16240
16243
16245
16245
16246
16248
16252
16252
16256
16264
16266
16268
16268
16272
16285
16286
16288
16290
16297
16299
16301
16307
16311
16318
16318
16320
16326
16332
16336
16340
16343
16347
16352
16356
16357
16361
16362
16367
16372
16377
16381
16383
16384
16387
16399
16403
16405
16405
16413
16425
16426
16432
16434
16439
16444
16447
16450
16455
16459
16463
16464
16469
16471
16478
16491
16502
16505
16505
16506
16508
16510
16512
16514
16527
16530
16531
16532
16534
16540
16545
16548
16550
16557
16557
16560
16562
16562
16567
16581
16584
16586
16587
16589
16595
16598
16598
16601
16606
16614
16619
16620
16622
16622
16624
16626
16628
16629
16629
16632
16633
16635
16635
16637
16647
16647
16651
16654
16657
16660
16661
16662
16663
16663
16663
16665
16676
16678
16678
16678
16684
16689
16689
16690
16692
16693
16701
16702
16704
16709
16712
16717
16717
16725
16737
16739
16739
16748
16750
16751
16751
16759
16760
16762
16780
16781
16784
16785
16786
16787
16789
16791
16792
16796
16799
16800
16804
16806
16806
16809
16810
16815
16818
16818
16824
16827
16833
16834
16846
16847
16848
16854
16856
16859
16864
16869
16877
16879
16880
16882
16883
16887
16894
16896
16899
16906
16907
16908
16909
16910
16911
16911
16917
16919
16919
16921
16921
16926
16928
16939
16944
16948
16952
16955
16965
16971
16971
16974
16975
16978
16979
16992
16993
17000
17001
17009
17010
17013
17013
17015
17018
17022
17032
17034
17036
17050
17057
17059
17060
17061
17062
17072
17074
17074
17076
17083
17083
17087
17091
17093
17093
17096
17101
17104
17105
17106
17109
17110
17114
17115
17120
17124
17126
17129
17139
17139
17140
17142
17143
17150
17154
17163
17168
17169
17170
17177
17183
17187
17191
17193
17201
17204
17208
17220
17222
17222
17223
17223
17227
17228
17228
17229
17231
17245
17251
17252
17257
17260
17264
17266
17268
17271
17273
17276
17279
17280
17283
17292
17295
17298
17300
17301
17303
17307
17309
17311
17323
17323
17326
17332
17336
17340
17342
17342
17345
17346
17347
17348
17349
17350
17354
17364
17378
17387
17390
17392
17405
17405
17405
17406
17407
17408
17411
17413
17421
17428
17434
17435
17436
17436
17441
17441
17444
17450
17453
17453
17454
17455
17455
17458
17462
17463
17467
17470
17474
17476
17476
17477
17479
17480
17481
17483
17488
17489
17492
17492
17495
17497
17497
17498
17501
17502
17506
17508
17509
17511
17511
17515
17515
17518
17518
17519
17520
17522
17526
17526
17528
17528
17536
17545
17547
17547
17548
17550
17553
17555
17561
17565
17567
17578
17585
17587
17588
17592
17597
17598
17601
17608
17608
17610
17612
17617
17620
17622
17624
17624
17625
17627
17631
17633
17637
17638
17643
17645
17656
17660
17660
17662
17667
17667
17670
17675
17680
17681
17687
17688
17688
17689
17697
17698
17701
17704
17715
17715
17719
17721
17721
17726
17726
17727
17728
17736
17739
17742
17742
17743
17745
17752
17755
17762
17766
17768
17768
17768
17769
17769
17772
17772
17773
17773
17775
17782
17788
17789
17793
17795
17795
17797
17799
17800
17801
17803
17803
17803
17810
17816
17822
17824
17825
17825
17829
17834
17837
17838
17845
17845
17849
17857
17858
17862
17866
17866
17868
17873
17878
17879
17881
17882
17888
17889
17891
17892
17892
17893
17895
17897
17899
17900
17904
17904
17905
17906
17906
17916
17917
17919
17921
17923
17929
17931
17941
17942
17946
17948
17949
17949
17952
17952
17955
17955
17956
17957
17959
17967
17971
17971
17972
17974
17975
17976
17979
17981
17983
17988
17991
17992
17999
18004
18011
18011
18017
18020
18021
18027
18033
18033
18036
18045
18048
18048
18054
18055
18059
18062
18065
18071
18074
18077
18084
18088
18090
18092
18092
18094
18095
18097
18110
18113
18113
18114
18116
18118
18124
18125
18128
18128
18132
18134
18144
18152
18155
18168
18172
18172
18173
18175
18175
18175
18180
18184
18188
18190
18194
18199
18200
18200
18203
18204
18207
18209
18225
18225
18229
18230
18231
18237
18245
18246
18250
18253
18254
18259
18260
18267
18273
18279
18287
18288
18290
18298
18300
18303
18304
18305
18310
18314
18317
18320
18323
18329
18329
18332
18335
18337
18347
18354
18360
18363
18364
18371
18374
18379
18380
18380
18380
18382
18383
18383
18386
18389
18389
18392
18400
18401
18408
18411
18413
18416
18420
18422
18428
18431
18432
18433
18437
18437
18441
18441
18447
18451
18452
18455
18455
18458
18459
18462
18466
18473
18475
18475
18477
18479
18481
18483
18488
18489
18492
18495
18497
18502
18504
18511
18511
18513
18514
18514
18515
18525
18526
18531
18535
18536
18536
18542
18555
18556
18557
18558
18568
18570
18572
18577
18577
18577
18581
18586
18591
18597
18600
18607
18613
18616
18618
18623
18630
18631
18634
18638
18640
18643
18654
18658
18659
18659
18660
18660
18668
18668
18676
18676
18680
18694
18698
18703
18704
18707
18707
18711
18714
18718
18719
18719
18721
18723
18724
18725
18729
18731
18734
18734
18735
18736
18736
18738
18746
18748
18750
18758
18766
18772
18774
18785
18787
18792
18792
18794
18795
18802
18812
18818
18820
18821
18822
18822
18828
18831
18832
18832
18833
18844
18846
18849
18850
18853
18856
18858
18863
18865
18872
18872
18872
18876
18878
18884
18890
18898
18899
18917
18918
18921
18923
18924
18926
18927
18933
18935
18942
18943
18945
18949
18949
18950
18953
18955
18955
18962
18965
18966
18967
18967
18972
18974
18977
18979
18981
18981
18983
18983
18984
18986
18988
18988
18989
18990
18990
18999
19000
19006
19007
19008
19008
19012
19015
19018
19019
19032
19041
19046
19046
19051
19053
19054
19056
19060
19063
19065
19066
19068
19071
19076
19077
19085
19088
19092
19094
19098
19107
19107
19110
19113
19114
19118
19122
19123
19132
19137
19138
19147
19147
19148
19149
19150
19150
19152
19154
19159
19165
19167
19171
19175
19175
19177
19183
19189
19191
19191
19195
19195
19198
19201
19204
19206
19206
19209
19215
19221
19227
19229
19231
19234
19235
19241
19245
19253
19261
19262
19263
19266
19266
19268
19270
19274
19278
19279
19281
19285
19285
19288
19289
19294
19294
19299
19300
19303
19305
19320
19324
19324
19326
19326
19327
19334
19335
19341
19348
19349
19358
19364
19370
19376
19377
19379
19383
19383
19384
19392
19394
19394
19395
19396
19401
19407
19409
19414
19421
19423
19424
19432
19438
19439
19442
19446
19447
19457
19458
19465
19473
19474
19478
19483
19486
19490
19494
19495
19499
19507
19508
19510
19510
19514
19514
19520
19530
19530
19535
19539
19541
19546
19549
19550
19551
19555
19555
19561
19562
19572
19582
19586
19587
19592
19593
19594
19598
19598
19599
19603
19604
19612
19612
19629
19632
19633
19637
19640
19641
19641
19642
19653
19654
19657
19658
19660
19672
19673
19673
19677
19684
19691
19691
19692
19700
19706
19708
19708
19716
19722
19723
19725
19733
19736
19737
19741
19742
19743
19743
19749
19749
19750
19754
19757
19764
19764
19765
19775
19776
19777
19779
19788
19792
19796
19797
19802
19803
19808
19811
19813
19814
19817
19819
19821
19821
19822
19831
19832
19841
19841
19848
19849
19853
19856
19857
19859
19859
19862
19862
19866
19868
19877
19877
19880
19881
19888
19891
19897
19897
19898
19904
19906
19912
19919
19926
19926
19926
19927
19929
19930
19935
19937
19947
19948
19950
19951
19954
19966
19966
19972
19978
19978
19982
19987
19993
20001
20001
20005
20006
20009
20010
20010
20012
20013
20015
20023
20028
20028
20033
20039
20046
20048
20050
20052
20053
20055
20056
20060
20060
20065
20070
20075
20079
20083
20091
20091
20094
20095
20095
20096
20097
20100
20100
20100
20103
20107
20108
20108
20112
20124
20132
20138
20140
20143
20145
20147
20152
20155
20157
20166
20166
20168
20170
20179
20179
20186
20187
20187
20190
20190
20190
20191
20191
20191
20192
20201
20207
20216
20216
20218
20218
20226
20228
20232
20233
20234
20237
20238
20242
20243
20244
20247
20249
20249
20250
20251
20252
20254
20257
20257
20259
20260
20260
20261
20264
20265
20271
20271
20271
20272
20278
20279
20281
20284
20289
20290
20290
20294
20295
20298
20302
20303
20309
20312
20313
20314
20316
20317
20317
20323
20325
20330
20334
20334
20335
20337
20344
20346
20347
20354
20363
20365
20367
20368
20372
20379
20384
20388
20388
20390
20390
20398
20398
20407
20408
20410
20417
20420
20421
20422
20423
20424
20424
20424
20428
20431
20431
20436
20447
20451
20458
20460
20460
20463
20466
20470
20472
20473
20478
20482
20482
20488
20493
20498
20505
20506
20507
20507
20508
20523
20524
20524
20525
20528
20530
20531
20535
20535
20536
20541
20543
20547
20548
20558
20567
20569
20574
20575
20578
20578
20600
20609
20609
20612
20618
20626
20643
20648
20649
20661
20663
20665
20671
20677
20682
20691
20693
20697
20698
20708
20710
20727
20729
20731
20734
20736
20742
20744
20746
20747
20751
20752
20755
20760
20762
20764
20770
20775
20777
20782
20785
20788
20788
20796
20797
20798
20806
20809
20821
20821
20824
20828
20831
20832
20832
20833
20844
20844
20871
20874
20883
20887
20899
20900
20903
20905
20906
20906
20907
20907
20914
20915
20923
20929
20931
20932
20942
20948
20950
20951
20951
20952
20957
20957
20962
20962
20963
20966
20970
20972
20973
20974
20979
20979
20982
20983
20984
20997
21006
21014
21020
21027
21030
21031
21032
21040
21042
21051
21061
21061
21062
21083
21084
21084
21086
21086
21089
21090
21090
21092
21101
21103
21103
21103
21107
21109
21109
21116
21116
21118
21118
21123
21130
21130
21130
21131
21145
21160
21168
21170
21171
21174
21175
21177
21177
21180
21181
21185
21186
21187
21187
21189
21192
21197
21198
21203
21206
21209
21210
21212
21215
21216
21218
21218
21221
21222
21228
21229
21229
21242
21244
21247
21248
21249
21250
21256
21256
21260
21264
21266
21268
21271
21280
21282
21283
21288
21293
21301
21301
21310
21310
21312
21322
21325
21325
21326
21331
21337
21344
21347
21348
21353
21353
21355
21356
21356
21364
21367
21370
21373
21378
21379
21386
21388
21394
21399
21401
21405
21410
21412
21416
21417
21417
21430
21430
21432
21435
21438
21444
21449
21449
21450
21453
21459
21464
21465
21467
21472
21478
21479
21480
21480
21481
21481
21484
21485
21496
21499
21501
21502
21505
21511
21513
21513
21513
21522
21532
21533
21533
21540
21540
21545
21553
21555
21556
21560
21564
21564
21566
21575
21575
21577
21578
21580
21583
21589
21589
21606
21608
21612
21613
21617
21622
21624
21627
21630
21633
21637
21637
21640
21642
21643
21647
21650
21652
21652
21653
21654
21654
21656
21658
21661
21667
21670
21670
21673
21680
21688
21689
21690
21694
21696
21698
21698
21706
21709
21714
21715
21723
21724
21727
21730
21738
21739
21746
21748
21753
21755
21757
21758
21762
21763
21764
21765
21767
21768
21768
21769
21773
21777
21777
21787
21789
21791
21793
21798
21799
21803
21805
21809
21810
21814
21817
21820
21823
21833
21839
21852
21854
21858
21861
21864
21872
21872
21878
21880
21884
21885
21899
21909
21909
21913
21920
21927
21928
21930
21939
21944
21950
21952
21953
21956
21957
21967
21969
21972
21974
21975
21978
21980
21981
21982
21985
21985
21986
21989
21991
21992
21994
21995
21996
22002
22006
22009
22010
22010
22015
22024
22033
22035
22043
22044
22045
22048
22048
22057
22059
22062
22066
22075
22080
22081
22082
22084
22086
22097
22097
22097
22102
22102
22112
22114
22115
22122
22136
22142
22142
22144
22144
22145
22150
22151
22154
22154
22158
22164
22165
22165
22166
22167
22169
22175
22176
22180
22181
22182
22182
22184
22186
22186
22188
22191
22192
22193
22194
22196
22200
22200
22203
22207
22213
22215
22219
22221
22230
22230
22232
22234
22234
22237
22238
22242
22246
22255
22256
22258
22261
22263
22266
22268
22275
22276
22279
22288
22290
22292
22301
22303
22307
22311
22315
22318
22320
22329
22335
22335
22336
22340
22341
22346
22347
22350
22351
22354
22355
22357
22358
22359
22365
22377
22377
22378
22381
22383
22383
22398
22399
22408
22408
22419
22426
22431
22439
22439
22445
22447
22460
22468
22468
22481
22484
22493
22495
22499
22501
22502
22512
22513
22514
22515
22516
22520
22520
22520
22529
22530
22531
22534
22535
22535
22538
22540
22544
22546
22548
22552
22555
22557
22561
22564
22573
22573
22576
22580
22581
22581
22582
22584
22588
22593
22597
22604
22608
22612
22612
22617
22619
22629
22630
22630
22633
22635
22635
22635
22638
22639
22642
22644
22644
22646
22646
22647
22649
22659
22659
22659
22662
22663
22665
22665
22672
22675
22678
22679
22682
22685
22698
22698
22699
22699
22707
22709
22716
22718
22721
22721
22728
22732
22734
22738
22739
22740
22750
22751
22753
22754
22764
22769
22772
22775
22775
22807
22808
22810
22815
22819
22822
22825
22827
22830
22831
22832
22840
22842
22847
22847
22851
22851
22852
22853
22855
22859
22869
22876
22880
22880
22884
22887
22888
22895
22901
22902
22903
22904
22912
22914
22915
22916
22922
22922
22924
22925
22927
22931
22936
22937
22942
22942
22950
22950
22951
22951
22952
22953
22955
22960
22963
22965
22968
22970
22972
22974
22974
22975
22979
22980
22984
22986
22988
22989
22998
23001
23002
23003
23004
23011
23012
23015
23017
23018
23019
23020
23021
23022
23025
23031
23034
23035
23036
23042
23043
23051
23062
23067
23069
23072
23072
23074
23077
23077
23077
23078
23078
23080
23094
23094
23095
23095
23096
23104
23105
23107
23108
23110
23110
23112
23112
23115
23126
23138
23139
23139
23145
23149
23154
23155
23157
23158
23163
23169
23174
23175
23176
23182
23192
23193
23195
23201
23207
23215
23216
23217
23217
23229
23231
23232
23237
23237
23250
23253
23267
23280
23282
23283
23284
23287
23297
23303
23304
23305
23306
23322
23326
23326
23329
23329
23331
23338
23338
23340
23347
23348
23349
23356
23362
23366
23367
23368
23370
23371
23371
23371
23382
23389
23392
23394
23395
23399
23399
23400
23402
23403
23406
23407
23411
23411
23412
23415
23422
23426
23445
23450
23450
23454
23455
23459
23463
23463
23464
23464
23466
23466
23472
23474
23476
23485
23487
23489
23502
23503
23504
23507
23518
23525
23526
23529
23532
23535
23536
23537
23538
23542
23547
23552
23558
23560
23561
23565
23566
23567
23567
23571
23571
23577
23583
23593
23596
23600
23601
23603
23604
23605
23612
23613
23615
23616
23617
23624
23624
23626
23628
23634
23639
23643
23648
23651
23655
23660
23660
23668
23672
23672
23674
23675
23677
23680
23683
23688
23708
23708
23717
23719
23723
23723
23735
23743
23744
23746
23748
23752
23752
23754
23757
23764
23768
23774
23774
23778
23791
23794
23800
23800
23806
23821
23822
23824
23826
23829
23829
23830
23831
23837
23838
23840
23847
23848
23848
23849
23851
23854
23860
23864
23867
23867
23872
23875
23875
23877
23881
23887
23887
23892
23892
23893
23893
23894
23904
23910
23917
23921
23927
23928
23939
23946
23962
23964
23968
23969
23970
23970
23972
23980
23980
23981
23982
23985
23985
23986
23987
23990
23992
23992
23995
23996
23997
24003
24004
24012
24014
24027
24044
24055
24059
24060
24063
24065
24065
24065
24068
24068
24069
24096
24097
24107
24109
24109
24112
24120
24120
24122
24125
24125
24127
24130
24131
24132
24132
24132
24137
24137
24141
24142
24154
24155
24157
24158
24160
24163
24164
24168
24169
24170
24170
24172
24176
24178
24179
24181
24185
24190
24190
24190
24196
24197
24200
24200
24201
24216
24223
24225
24240
24241
24242
24242
24245
24248
24252
24255
24267
24268
24271
24276
24277
24277
24278
24278
24286
24291
24297
24297
24298
24299
24302
24305
24305
24308
24309
24310
24313
24321
24321
24321
24327
24339
24340
24340
24341
24347
24350
24353
24356
24356
24359
24359
24361
24361
24364
24365
24366
24367
24370
24383
24387
24389
24390
24395
24397
24398
24403
24408
24410
24412
24413
24413
24414
24416
24416
24420
24421
24422
24426
24429
24441
24442
24444
24444
24446
24450
24460
24465
24467
24474
24476
24477
24478
24482
24492
24493
24495
24496
24497
24502
24506
24507
24508
24509
24509
24510
24511
24512
24531
24532
24538
24541
24542
24546
24547
24549
24551
24554
24558
24564
24573
24579
24582
24582
24583
24591
24591
24594
24597
24598
24600
24605
24611
24612
24612
24614
24615
24617
24619
24625
24636
24643
24648
24654
24655
24657
24662
24663
24669
24674
24679
24684
24686
24699
24711
24713
24716
24720
24723
24723
24724
24724
24728
24732
24735
24739
24741
24744
24751
24754
24757
24761
24761
24766
24773
24787
24795
24803
24806
24807
24811
24817
24828
24829
24833
24835
24836
24839
24840
24840
24841
24846
24847
24850
24856
24860
24863
24865
24866
24872
24878
24879
24880
24882
24885
24888
24888
24892
24893
24902
24903
24905
24909
24912
24912
24917
24918
24923
24935
24935
24944
24946
24948
24949
24951
24951
24956
24957
24959
24961
24961
24964
24967
24968
24968
24975
24978
24980
24980
24981
24982
24982
24982
24983
24984
24987
24990
24994
25004
25010
25016
25017
25024
25024
25027
25028
25030
25034
25035
25036
25038
25042
25050
25052
25053
25056
25058
25060
25067
25070
25077
25079
25079
25079
25080
25081
25083
25091
25095
25095
25097
25102
25105
25109
25110
25111
25111
25118
25122
25125
25128
25132
25135
25138
25145
25145
25147
25153
25153
25156
25157
25171
25172
25174
25174
25175
25179
25181
25182
25185
25190
25195
25200
25200
25206
25208
25211
25212
25219
25220
25222
25233
25237
25237
25242
25246
25247
25251
25257
25259
25260
25264
25267
25269
25269
25275
25276
25282
25284
25284
25287
25289
25289
25297
25299
25302
25308
25313
25314
25319
25323
25325
25326
25329
25330
25331
25332
25335
25336
25337
25339
25340
25342
25345
25348
25348
25353
25354
25354
25355
25361
25363
25363
25368
25374
25379
25380
25383
25390
25394
25394
25397
25408
25413
25413
25415
25420
25422
25424
25425
25425
25430
25435
25441
25442
25443
25446
25448
25464
25470
25475
25478
25485
25488
25490
25491
25491
25492
25494
25500
25501
25508
25521
25522
25525
25526
25535
25535
25548
25556
25559
25559
25559
25561
25569
25573
25578
25579
25582
25584
25591
25593
25595
25595
25597
25610
25615
25616
25624
25631
25643
25643
25646
25655
25657
25661
25663
25664
25669
25669
25672
25673
25676
25686
25687
25688
25694
25700
25701
25702
25709
25710
25719
25721
25728
25730
25740
25744
25750
25752
25753
25771
25774
25781
25788
25794
25795
25800
25803
25809
25810
25810
25813
25818
25819
25822
25822
25823
25824
25831
25831
25834
25838
25838
25843
25846
25847
25853
25857
25857
25859
25862
25866
25867
25867
25869
25869
25874
25875
25879
25880
25887
25897
25897
25898
25899
25900
25906
25907
25909
25910
25911
25915
25915
25915
25917
25918
25920
25925
25926
25928
25941
25941
25942
25946
25957
25957
25963
25969
25971
25975
25976
25979
25979
25980
25980
25981
25987
25988
25992
25996
25998
25999
26000
26002
26005
26005
26005
26008
26011
26016
26028
26029
26032
26032
26035
26038
26038
26040
26046
26046
26048
26053
26055
26061
26067
26070
26074
26075
26079
26079
26082
26096
26097
26097
26098
26100
26100
26106
26107
26108
26114
26114
26120
26124
26125
26132
26136
26138
26147
26148
26157
26157
26158
26162
26168
26174
26175
26175
26175
26176
26176
26179
26181
26183
26189
26192
26192
26194
26195
26197
26197
26198
26204
26208
26210
26216
26221
26231
26235
26240
26246
26250
26254
26257
26260
26267
26267
26269
26271
26274
26277
26281
26286
26292
26292
26292
26294
26308
26312
26313
26315
26317
26317
26322
26323
26324
26325
26325
26325
26329
26332
26335
26338
26340
26340
26340
26347
26351
26351
26353
26354
26355
26364
26376
26378
26382
26384
26385
26390
26396
26398
26404
26405
26409
26411
26412
26413
26413
26415
26420
26422
26428
26429
26430
26450
26459
26462
26467
26480
26485
26485
26490
26491
26494
26494
26501
26502
26503
26513
26519
26520
26524
26525
26528
26531
26533
26537
26541
26547
26552
26553
26557
26563
26565
26568
26569
26570
26571
26572
26572
26575
26575
26578
26578
26580
26586
26593
26594
26596
26599
26599
26601
26609
26609
26611
26629
26631
26632
26636
26638
26643
26643
26646
26652
26653
26654
26655
26656
26656
26666
26674
26682
26685
26692
26694
26699
26703
26713
26716
26717
26719
26719
26723
26723
26726
26727
26737
26737
26738
26740
26742
26745
26746
26747
26755
26759
26762
26763
26765
26769
26776
26776
26779
26780
26781
26783
26785
26792
26792
26795
26797
26802
26806
26806
26809
26813
26813
26814
26814
26821
26822
26835
26837
26843
26844
26844
26850
26851
26856
26856
26861
26863
26864
26864
26865
26868
26869
26873
26873
26874
26878
26878
26882
26883
26885
26890
26897
26898
26898
26900
26901
26902
26903
26906
26908
26917
26925
26926
26926
26926
26929
26939
26943
26944
26944
26945
26945
26949
26949
26950
26951
26961
26964
26964
26964
26965
26968
26973
26977
26983
26987
26989
26991
26998
26998
27004
27006
27009
27011
27012
27014
27015
27021
27021
27022
27031
27036
27044
27045
27046
27056
27056
27057
27060
27065
27066
27068
27072
27073
27079
27080
27081
27086
27097
27097
27097
27098
27099
27104
27108
27108
27111
27115
27116
27124
27125
27127
27127
27129
27130
27130
27132
27133
27139
27141
27147
27148
27157
27158
27163
27180
27180
27184
27185
27190
27193
27194
27198
27198
27206
27209
27213
27215
27218
27235
27236
27252
27256
27267
27271
27271
27273
27276
27276
27278
27293
27293
27295
27296
27300
27302
27304
27306
27309
27309
27311
27312
27313
27320
27323
27325
27325
27326
27327
27327
27327
27333
27336
27339
27344
27350
27353
27356
27365
27369
27371
27371
27372
27372
27376
27378
27380
27380
27389
27391
27392
27405
27406
27409
27410
27411
27411
27412
27415
27422
27427
27440
27447
27449
27453
27453
27456
27457
27459
27467
27471
27476
27478
27479
27482
27489
27490
27492
27494
27498
27498
27501
27503
27504
27506
27507
27509
27509
27516
27517
27519
27519
27520
27522
27525
27536
27538
27542
27544
27546
27547
27548
27550
27551
27552
27554
27558
27559
27559
27569
27571
27573
27580
27580
27587
27590
27592
27597
27598
27600
27605
27617
27630
27632
27636
27638
27641
27649
27650
27652
27652
27653
27657
27659
27659
27665
27669
27670
27672
27676
27677
27678
27678
27682
27685
27685
27690
27692
27693
27694
27696
27697
27698
27704
27705
27705
27707
27707
27708
27711
27711
27712
27713
27719
27721
27721
27724
27726
27727
27728
27732
27735
27737
27738
27739
27740
27741
27748
27750
27755
27756
27762
27768
27768
27769
27770
27771
27772
27773
27787
27791
27809
27811
27816
27817
27826
27831
27833
27839
27842
27843
27843
27845
27849
27855
27868
27872
27876
27879
27879
27879
27883
27883
27883
27887
27892
27894
27894
27895
27900
27905
27913
27915
27924
27932
27941
27943
27947
27948
27948
27949
27950
27951
27952
27957
27962
27967
27967
27971
27975
27976
27986
27988
27993
27993
27996
27998
28015
28024
28041
28046
28050
28054
28063
28064
28069
28069
28071
28072
28073
28075
28084
28088
28088
28090
28091
28091
28104
28110
28113
28114
28117
28118
28118
28120
28125
28127
28128
28128
28130
28132
28138
28143
28148
28152
28161
28166
28176
28185
28186
28187
28201
28202
28203
28203
28203
28204
28205
28206
28210
28214
28215
28216
28217
28220
28222
28225
28227
28227
28232
28233
28236
28241
28245
28249
28249
28249
28253
28270
28272
28273
28276
28278
28278
28278
28279
28285
28295
28297
28303
28307
28308
28310
28311
28314
28322
28327
28328
28330
28330
28333
28334
28335
28336
28339
28342
28342
28343
28356
28362
28370
28372
28373
28383
28391
28391
28392
28392
28394
28396
28403
28410
28411
28412
28412
28414
28414
28417
28417
28423
28424
28425
28425
28426
28431
28438
28441
28446
28447
28449
28452
28456
28458
28461
28462
28472
28472
28483
28484
28485
28486
28491
28492
28496
28518
28520
28521
28523
28524
28530
28531
28532
28536
28540
28556
28560
28565
28570
28571
28573
28576
28579
28587
28588
28593
28594
28598
28599
28615
28616
28621
28622
28623
28623
28625
28628
28629
28630
28635
28642
28643
28647
28650
28650
28651
28653
28653
28653
28653
28657
28665
28666
28668
28670
28679
28680
28682
28684
28699
28702
28709
28715
28724
28727
28728
28729
28733
28747
28750
28754
28757
28760
28764
28764
28779
28784
28794
28803
28805
28810
28818
28823
28824
28848
28853
28855
28856
28857
28857
28860
28872
28873
28873
28876
28879
28880
28880
28884
28887
28891
28892
28895
28897
28899
28906
28907
28909
28911
28912
28914
28916
28917
28918
28921
28926
28932
28933
28936
28942
28946
28947
28956
28960
28968
28968
28974
28978
28978
28979
28982
28985
28990
28990
29001
29002
29008
29010
29010
29012
29015
29019
29026
29028
29029
29030
29030
29032
29034
29038
29039
29043
29043
29045
29047
29049
29050
29050
29059
29060
29065
29073
29074
29077
29081
29085
29092
29097
29098
29099
29100
29102
29104
29115
29117
29117
29119
29119
29120
29122
29124
29126
29133
29136
29138
29139
29141
29144
29146
29146
29148
29148
29152
29159
29159
29163
29165
29166
29173
29173
29190
29190
29194
29197
29203
29209
29220
29227
29229
29232
29236
29239
29241
29242
29256
29258
29261
29263
29265
29283
29287
29293
29293
29295
29297
29301
29302
29303
29323
29326
29328
29337
29338
29342
29342
29346
29348
29348
29349
29349
29354
29366
29367
29378
29381
29395
29399
29400
29403
29407
29411
29418
29419
29424
29443
29443
29444
29444
29447
29451
29453
29454
29468
29468
29471
29471
29473
29474
29474
29480
29482
29483
29485
29487
29488
29488
29489
29495
29496
29508
29512
29522
29529
29533
29535
29539
29545
29545
29551
29551
29552
29555
29559
29560
29562
29564
29567
29571
29575
29577
29581
29583
29589
29594
29599
29604
29606
29611
29611
29613
29628
29635
29638
29641
29644
29645
29647
29651
29652
29657
29661
29669
29671
29674
29680
29684
29686
29688
29699
29700
29701
29703
29706
29711
29713
29714
29716
29721
29725
29728
29742
29744
29744
29746
29747
29758
29758
29763
29763
29767
29772
29783
29786
29786
29789
29792
29794
29795
29801
29816
29818
29826
29829
29838
29841
29848
29852
29866
29866
29867
29874
29877
29877
29881
29883
29884
29892
29897
29902
29903
29908
29909
29911
29919
29919
29924
29924
29929
29934
29935
29938
29945
29954
29954
29957
29958
29960
29960
29967
29974
29979
29982
29983
29984
29997
29997
29997
29999
30002
30005
30011
30012
30014
30015
30017
30021
30024
30028
30029
30030
30031
30033
30033
30037
30039
30054
30055
30057
30062
30067
30072
30073
30074
30075
30075
30081
30084
30086
30091
30091
30097
30098
30099
30100
30101
30102
30113
30117
30120
30120
30120
30128
30136
30136
30139
30143
30147
30148
30148
30150
30150
30152
30159
30160
30163
30167
30171
30180
30185
30193
30195
30196
30199
30200
30203
30208
30210
30215
30224
30226
30227
30230
30230
30230
30235
30237
30240
30245
30246
30246
30247
30252
30256
30263
30263
30265
30266
30266
30268
30271
30273
30278
30287
30288
30288
30290
30294
30302
30318
30321
30322
30322
30322
30322
30328
30332
30334
30335
30337
30338
30345
30347
30349
30351
30353
30356
30358
30361
30362
30368
30370
30371
30372
30377
30378
30381
30384
30384
30387
30392
30394
30396
30398
30402
30402
30411
30418
30419
30420
30421
30425
30436
30440
30440
30440
30447
30449
30454
30466
30466
30467
30467
30468
30477
30479
30488
30496
30496
30499
30500
30502
30502
30505
30506
30507
30510
30517
30532
30538
30541
30541
30541
30543
30547
30549
30550
30551
30557
30565
30567
30570
30579
30580
30580
30582
30584
30584
30585
30590
30598
30603
30607
30618
30628
30629
30637
30639
30643
30646
30648
30666
30673
30674
30676
30676
30677
30682
30684
30689
30689
30689
30692
30692
30693
30694
30696
30696
30713
30713
30720
30720
30729
30734
30739
30740
30741
30743
30744
30744
30751
30754
30756
30758
30759
30759
30760
30761
30776
30777
30784
30788
30789
30791
30795
30795
30796
30799
30799
30805
30805
30806
30809
30810
30811
30820
30822
30826
30826
30833
30839
30841
30842
30843
30846
30848
30855
30856
30856
30857
30862
30863
30870
30871
30873
30876
30878
30883
30896
30896
30901
30902
30902
30905
30906
30909
30909
30918
30926
30927
30928
30930
30940
30942
30950
30953
30954
30954
30956
30960
30960
30965
30970
30976
30976
30977
30977
30978
30981
30986
30988
30993
31000
31001
31005
31007
31011
31012
31013
31014
31015
31019
31023
31023
31032
31037
31043
31046
31048
31050
31051
31063
31071
31074
31079
31091
31105
31107
31108
31111
31119
31123
31133
31133
31135
31140
31140
31150
31151
31153
31156
31157
31165
31167
31167
31167
31168
31171
31174
31174
31176
31179
31184
31194
31195
31206
31212
31217
31219
31228
31235
31236
31248
31256
31263
31266
31273
31275
31277
31285
31299
31301
31301
31302
31304
31313
31315
31321
31324
31328
31332
31332
31340
31342
31348
31348
31349
31352
31369
31371
31372
31377
31377
31378
31379
31381
31381
31382
31386
31388
31389
31397
31399
31406
31411
31412
31416
31418
31424
31432
31433
31439
31439
31443
31444
31445
31449
31450
31463
31465
31467
31472
31472
31478
31481
31483
31488
31489
31493
31495
31495
31502
31505
31507
31508
31510
31510
31514
31516
31517
31518
31521
31527
31529
31529
31533
31543
31552
31554
31556
31564
31567
31572
31572
31574
31576
31577
31577
31580
31581
31585
31587
31588
31592
31608
31612
31613
31614
31615
31622
31628
31642
31648
31648
31650
31652
31653
31655
31659
31660
31664
31675
31676
31680
31682
31682
31683
31686
31688
31693
31696
31697
31703
31706
31710
31712
31716
31717
31718
31723
31731
31732
31735
31738
31743
31745
31748
31751
31754
31760
31762
31763
31764
31772
31775
31778
31782
31786
31788
31789
31790
31796
31797
31797
31801
31802
31803
31805
31809
31818
31825
31827
31830
31831
31831
31833
31836
31837
31837
31841
31843
31844
31845
31849
31858
31858
31866
31868
31872
31882
31882
31884
31884
31887
31888
31888
31891
31892
31892
31894
31896
31896
31896
31898
31902
31910
31919
31928
31930
31935
31935
31941
31943
31944
31951
31953
31963
31964
31965
31966
31970
31971
31971
31971
31972
31975
31985
31986
31989
31989
31990
31992
32004
32006
32006
32016
32022
32029
32030
32036
32037
32042
32043
32043
32048
32048
32052
32053
32063
32064
32064
32067
32074
32077
32077
32079
32087
32089
32090
32097
32103
32109
32113
32114
32115
32128
32129
32138
32138
32146
32159
32160
32163
32166
32169
32184
32188
32194
32196
32202
32203
32213
32216
32219
32226
32230
32230
32242
32243
32244
32245
32247
32249
32252
32254
32255
32258
32268
32270
32281
32291
32297
32302
32306
32309
32314
32316
32317
32318
32320
32338
32343
32346
32348
32349
32349
32350
32350
32353
32356
32365
32365
32368
32380
32383
32388
32389
32390
32391
32395
32398
32399
32399
32406
32409
32411
32414
32415
32418
32418
32427
32428
32437
32439
32439
32441
32451
32453
32458
32462
32465
32466
32468
32470
32470
32472
32476
32476
32480
32482
32483
32485
32485
32487
32489
32491
32495
32497
32499
32501
32502
32504
32505
32505
32511
32514
32515
32515
32518
32523
32524
32532
32534
32535
32541
32541
32544
32548
32550
32558
32562
32571
32574
32585
32586
32587
32589
32597
32604
32604
32610
32612
32622
32622
32622
32622
32628
32628
32633
32634
32634
32636
32641
32642
32650
32654
32657
32658
32664
32665
32671
32672
32674
32675
32684
32698
32699
32700
32700
32701
32702
32704
32705
32706
32708
32710
32715
32716
32719
32722
32722
32728
32732
32733
32735
32735
32736
32742
32743
32744
32744
32749
32750
32751
32751
32755
32757
32758
32758
