100
7493049
8301693
11216736
16960020
26173120
30965477
37682267
45983960
53404946
66468225
70355374
76792767
86760218
89729247
97975443
100113327
103951524
104175114
129840827
134130539
172563343
175617309
179185800
186420797
192462791
198253816
206633594
210808669
222154973
230966961
236074699
260123499
279909374
287715784
358286692
363735040
370205238
373165060
376178228
379455001
379837183
380411622
386032175
389964327
416783100
421368790
450716898
456965457
480178575
497731402
523839762
557930263
582290189
590307987
596597921
601192186
602688048
603469752
607145189
607268008
609550672
617331669
659619252
671687902
678144435
713982794
741182785
743049416
749638451
756589850
761118939
779465923
779655482
797493023
799730799
820177690
837864850
847305212
858108699
860541375
865709214
890586213
900300894
902710621
903317934
906330207
919670641
925412100
929994006
952218825
953462336
961760299
967519384
972254516
974357246
975402952
983595156
984066182
985127257
997396636
