1000
51843
313914
488305
1172056
2319238
3044744
4588283
5449875
5875707
7275904
7429545
7724590
8527118
8528429
8851966
9551973
11102347
11324871
12539238
14495330
16293071
16763456
17146293
18507593
19033661
19863163
21236016
24006566
25313038
26277905
26871250
28017321
28024618
28193051
28609183
29341931
30024444
30895803
31150599
32055650
32212057
32547902
32670076
33746069
34053727
34636891
35541633
36347522
36479323
37729988
38379370
38876777
41171884
41254970
42130836
42570538
42852128
43361359
43573444
43692882
44184121
45160794
45979551
47660302
49583728
50880474
51955281
52904312
53559071
53808833
54263811
54401285
55414066
55856072
57718553
59309115
59762564
60000327
61550427
62700175
62928403
63445184
63534178
63566251
65577398
66211918
67570349
67652302
69337851
70015167
71732635
72454258
72504728
73183397
73252492
74296355
74826130
75403549
75991360
76938298
77146620
77293178
77614452
78051398
78556105
78672697
78711296
80089571
80102114
80437845
81714030
82066676
82580940
82701796
83123487
83303545
84352667
84357738
84485201
85344347
85389176
88378661
88675766
88888250
89855310
89950756
90120311
90884600
91113425
91416934
93274939
93568540
94042010
94250102
95172923
96018658
96051845
96053645
96085889
96473201
100073848
100828002
101363317
101973563
101992585
102058520
102860050
102895646
103943569
104802951
105735392
106120658
106250798
106352005
106765385
107467174
107541192
111073654
111168209
112542661
114162874
115204111
115265782
115729817
115828741
115863564
117410821
117580293
120391145
122309654
123617021
125705305
127463018
127810955
128263902
128573984
128732087
128928408
130213332
130691709
130713344
131475489
133184355
134302002
135350673
135935342
136279766
136902771
137138384
137372030
137798565
137904147
138447602
139250158
139332546
140337869
140701824
141315679
141316888
141325196
142010912
143068707
144103183
144625478
144775659
144822740
145511718
145626874
145667256
145736007
147188603
147421986
148185651
148360698
149866361
153804988
154886428
156403727
157517778
157825820
159765503
160270135
160539959
161527298
162041150
162674767
162808014
164159082
165322074
165422480
171048048
171916489
172194427
173375456
174772554
175029306
175315307
179509800
179511297
184684005
184981835
185323729
185794019
187815794
188705528
191047431
191713673
192008718
192365725
192846403
193096502
193911077
194870012
195016013
195403038
197183900
198142024
198708878
199143218
200346831
201467894
201567011
205443772
207534418
207654001
208103177
209549236
209562878
212189411
213354229
213633904
214546002
214651732
217120299
218360901
219428138
219865083
219960620
220056830
220599315
223329064
225654132
226925662
229006006
229443962
231245250
231681190
231887848
235859971
237622442
237990052
238097680
238262665
238733509
239338315
239982193
242949242
243712484
244369945
246742619
246861647
247458240
248392178
248416252
250101041
251351930
252703839
254997517
256260942
256840980
257368231
258540287
259487096
260713779
261103797
263188731
264441237
264941113
265160661
266016038
266127152
266539553
268297842
268500051
269041168
269136152
271360406
272210029
274999502
276406044
278537831
280966034
281777006
288110037
288491969
289590124
289625028
290157880
292730233
295195500
295933866
295940000
296531953
296858063
298213105
299213766
299314331
300774464
302257368
303318389
304194886
305424252
305759269
306400593
306480929
306816660
308008611
310391324
311761719
312786486
313233935
313518547
314643260
315511702
315874582
316517713
316882878
317420027
317976926
318534076
322143904
322525096
326637203
326956703
328887593
329199996
330691507
334273584
335208434
335740908
335847262
336941784
337576823
338699353
339615027
339647084
341837982
342333948
342686569
343837163
344895752
346103941
347024256
349270435
350303885
353577392
357197071
359104426
360551489
361384667
361780766
363765020
363813034
364160389
365016692
365055844
366208077
367433655
367597466
367849757
368987202
369167412
372028660
372156322
374049839
374830551
375159114
375356645
376183672
376306010
376709033
377586332
378199081
381033628
381448852
381969271
384451258
384474123
385039066
386118811
386493413
386527148
390424300
390750623
391311617
391830165
392059510
392396230
392958690
394815464
397915334
398028168
398676726
399007905
399234471
399660480
403086634
403095937
405798688
407997109
408103566
409032345
410001196
410907106
411053850
411174701
411538717
412953834
414814465
414852014
417032433
419481023
422880135
423531716
426222577
426295245
426598520
428303216
429337590
429593048
429767396
430951354
431574130
431903869
431974292
432637792
433805667
433931122
434372413
437087301
438614232
440089216
441761070
443719730
443958312
446702903
447360514
451317113
451586092
451626904
452805974
455248685
456194786
457457312
457941814
459413198
463875863
464234354
465873834
466281925
468480324
470741857
470967107
471870600
472299493
473791403
475861258
476728125
477030332
481273858
484086586
485881760
489026528
490126574
491799319
492592921
494447727
495446938
496167334
497113429
498044162
498992376
499152797
499199299
499678912
502384042
502604084
504011913
504536429
504838060
505483102
506651000
508136910
509328689
509627959
511089751
513229614
513300440
513631486
513695328
513828938
514304368
516246195
516872985
517229709
518027383
520735343
521655756
522193531
523267863
523391226
524696912
528157945
528184672
528562457
529300361
529434623
530581831
530881696
531762377
535743029
536107874
536487240
538182748
538299066
539244265
539247087
541077005
543685645
544072812
544428156
545821140
546630842
547169951
547897864
547992562
548757626
549011302
549135233
549222053
549585470
550170399
553039459
557457374
558261528
558930678
559048786
560249261
562928753
564577403
564696123
564940807
565779929
567388009
570661481
570901994
570980954
572912191
573616202
574922806
575080568
575540607
576310332
577952064
578003907
578386745
579242368
580112424
580961810
583038558
583206183
583729110
585114698
587885208
588615107
588717754
590333266
590541311
590689464
591207283
592753980
593234845
593772813
593957808
596078782
596296466
596424613
596617333
597138305
598257222
598807805
600292494
602166029
604981980
605750511
605774237
608671639
611073271
611927676
613506075
615589004
615844332
616313418
616905128
617412290
618009598
618276709
618621309
618746944
619254286
620050718
620161166
621657174
624281954
626944885
627260528
629093378
631335771
633427288
634050823
634351926
634993535
636355566
639433479
640775249
642200671
642315437
642854772
644170606
644433353
645723940
646070460
647809131
651104465
651304240
651816050
652939883
653613032
654038681
655197614
655246864
657474785
658128873
658325537
658475408
660987895
661033526
661682460
662148347
663678000
665329337
668067697
668255580
669612445
670071972
671857858
672187133
673649739
673739233
675328257
675989098
676618778
678351307
678709099
679481576
681232832
682085326
683573035
684325763
684930131
685410872
687770517
688688007
689023025
690419878
691107165
692583615
697291444
697347405
697567283
703338374
703591885
703615042
705415082
705640263
708449797
709134893
711449622
713112463
713752173
713771204
714235131
715780575
718283002
719385196
720392521
721711356
721895438
722660088
722768798
725867382
727680138
728736226
728892442
730050997
731632363
737333399
738759869
739039699
739749759
740830669
742058614
742089118
743321290
744416740
746129660
746758053
747025938
747050267
747834232
748541853
748688335
749616223
750094910
750536368
753595723
754528357
755029905
755384018
756836425
757988768
758383315
758722465
758957459
759077363
759656976
764481415
765251435
765742287
765851310
766840734
767705851
768600457
769315340
774198801
774930626
775666083
775731817
776592701
777178404
778005128
778902027
781204553
781590592
783440520
784126022
785534911
786461861
787250411
787642742
788798523
789174512
789741247
790815431
791535495
795405358
795632015
795831336
796088067
798251237
801300581
802242102
802416269
804834342
805010451
807106280
809119662
810352584
813344143
813357464
814281618
817593407
817798096
818405245
819005559
821054142
822782780
823932204
825191507
826191926
826680217
827659664
831235676
831609991
831895392
831918390
832300482
833118560
833422633
835088236
835775390
836279988
836799078
837620607
838146120
839515106
843504364
843831366
846006226
846273277
846329703
847978184
848355276
849996603
850038800
850041135
850724939
851496127
851726764
854825031
855158219
858860369
859594753
859848072
861526272
862376890
862819424
862861173
863143004
863205351
864718892
865756197
865792452
865950707
865996905
867293659
867563972
869459288
869628639
870613734
871277152
871733004
872025499
872095845
872792962
873573938
873644645
874554276
875685258
877267621
878807323
880426885
880955906
882785655
882841581
884652647
884757475
887007405
892058320
892206665
892430390
892518148
893002085
893868692
894866227
900201229
901559821
902519048
903438691
903514207
904943103
906113736
907569576
908319238
908444206
908544107
908565595
909700706
910535303
910578766
910849218
911351543
912368928
913234348
914210575
914319507
914608830
915220068
915782976
916591441
916607383
917863009
917946721
919289538
920475643
921104833
921799502
922000502
922438523
923535296
924828969
924893524
925323259
927453478
927524652
929160424
935436062
935445108
937439277
937594251
938545087
938554391
939385306
940841468
942508974
947489239
947741569
948850827
952156510
953956963
954672672
959372301
959604376
963702629
964262096
965680779
966047950
967538564
969885821
970927547
971365143
971366895
973052754
973072650
973244697
974761439
975211679
975612535
975952685
977854022
980346913
980484956
980811878
980886453
981060080
981117848
981671185
982468904
982734509
986634476
987597870
987855495
988275588
988701045
990509585
993534508
994149999
995400170
996831770
996960115
