1000
404042
1644123
1976126
2335429
3190175
3885633
4860700
5707350
7493049
8301693
8961719
9002631
9490934
9692350
10321182
10717641
10921650
11216736
12085392
13392690
15461071
15480325
15496845
15793142
15922738
16960020
17840272
17969839
19945182
21442057
21777743
22977218
23250395
23489752
24259356
25189195
25822004
25832256
25956846
26115037
26173120
27714167
29906491
30631731
30965477
31294736
31647308
33146105
33560873
35545995
36013014
36078143
37002086
37682267
38581914
39164508
39184366
39268224
40117404
41325538
44165132
44409626
44497484
45323454
45541582
45983960
46966938
49330194
51109470
52268992
53280923
53404946
53520127
54546281
55309754
55726688
55952326
59855479
59994329
60023264
60026204
61485200
61993939
64094683
64184551
66197220
66468225
66680058
67267819
68197115
68668982
70355374
75842819
76792767
78395143
79831175
80086682
81184808
82425156
82629633
82686568
82919530
83206686
84186751
84447944
85183525
86058878
86760218
87032555
87575362
87899801
88426938
88748378
89019259
89084720
89729247
90190231
91532738
91957201
93088085
93411472
94838733
95055445
95675758
95801116
96166384
96466009
96710701
97152080
97255034
97474084
97975443
100113327
100220372
100584353
101024259
101132858
101160431
102775245
103064461
103951524
104175114
104875422
105344255
105397061
106562152
107575571
107711413
108046516
109749835
111697115
112102299
113075447
114769853
114999062
116435619
116655421
117629294
119586716
120842029
122577573
124819460
127991698
128281348
128602600
129840827
130348235
131748077
132150463
132516202
132713334
133304189
133485729
134130539
134655900
135419587
136584670
137573449
137706878
137715116
138569853
139670355
140310767
140755282
142194532
144389999
144794041
145389581
145516288
146742567
146961274
147430841
149074853
150232653
151950664
152222152
152601997
152965900
155722091
156419465
157315583
158469743
159776020
161438007
162500138
162560307
162663465
162927403
163845167
164037065
165793647
166568110
167167324
167292139
169391830
172563343
172989578
175423471
175617309
175782697
176216295
176297151
176511616
176617886
176889292
179185800
180055692
180527313
180578610
181519403
181985584
184008970
184392991
184754264
184866719
185668241
186420797
186740492
187249887
189299432
192462791
193609856
195063180
195699826
196250880
198253816
198801078
199945192
202890018
202894501
205475336
205661334
206633594
207122352
207418452
208145776
208380836
210682520
210808669
211007374
212977847
213244636
214134263
215305938
216685987
218277957
220983583
222154973
223587020
225798689
227841886
228403688
229571247
230966961
232823320
235299989
236074699
236084544
237272225
238281030
239148092
241471205
242361712
243076720
243370351
246658962
247545463
249358236
249458487
250291519
250581267
251283356
251877686
256554311
256882639
259709263
260123499
261417791
263328096
263547052
264060262
264921440
265177998
265443814
269219879
269865762
270097506
270932920
270939772
273317767
274315855
274654624
274719566
274952097
277306214
278374608
278448278
279636859
279909374
280040293
281081442
283160786
284081979
285254853
285541519
287327103
287715784
288078746
288539773
288888466
289126356
289526470
290410842
290873790
293908586
298111337
299039781
299720116
300189246
302927070
303678130
305170641
305449661
305957979
307433361
308622039
311611526
312903356
316038294
318692519
321834888
321921816
322064961
322166690
322393600
323518605
324758669
326579595
327219176
328509492
329769770
333279110
333691518
333959668
334120880
334703775
336245233
336649275
340028409
344584761
346591649
346670428
347231328
351709998
352580405
353604007
354125778
354716649
356447197
358093137
358286692
358732192
358761708
363735040
364771483
365928647
366243305
367420677
370205238
371638362
372563650
372934247
373165060
375345885
376178228
377166729
379096499
379455001
379837183
380371294
380411622
381870064
383570588
384201270
385327680
385566112
386027528
386032175
387036310
387857209
387901392
387923676
389127195
389964327
390105264
390921943
393202788
396160218
398794950
401433587
401666064
402086634
402693723
403876165
407335017
408572931
409205373
410224009
412938583
413840707
414897276
416783100
419209350
419562459
421368790
421746696
422373274
423757327
425558563
425673636
427233974
431011249
431150030
431343820
432265631
432719926
434437335
436603111
437200488
437925753
438612037
438656638
440502184
440865486
440999181
441272123
443557267
444066174
446172056
449234039
450232280
450328111
450716898
453391340
453979841
454546953
455193596
455952615
456353554
456690397
456965457
457114786
458032453
459217213
460315224
461020381
462509952
462525385
464850279
465869582
466331921
467163044
467507105
468195230
468510405
468919569
470804069
471609175
472371620
473010344
473534808
473605314
474410931
474684062
476144622
477575051
478403712
478826291
480178575
481111489
481509473
483026930
484665949
486995196
487648290
488547645
489669356
490333669
490467772
491075551
492056972
493739173
495572023
496643575
496977315
497731402
500206162
502003066
502418029
505304424
505478548
507182242
508198553
509062601
509279078
509968578
510087864
510705452
511023033
511917832
512855145
513571635
514943400
515910862
516978726
520180111
520736320
521747546
523839762
525228352
525689193
527090951
527972724
529278722
530313155
530508823
530539376
532136165
533766500
534321902
536110280
539320898
540256681
540569011
540912348
543154699
545429711
546094447
546263025
546679738
549826143
550889781
554981878
556354027
556931946
556974175
557930263
559569496
560188474
560232957
561018605
561524145
562660825
562798925
564484264
564943710
565151458
566262451
566594310
568998791
569895324
570423365
570440573
570602650
572265012
574027076
574048316
575246831
575728124
579843779
580147648
582290189
582835796
585249912
586290207
588316911
588483007
590307987
590565505
592021818
593838973
594215891
594712732
595383391
596187854
596597921
600310062
600957643
601192186
601434950
602688048
603469752
604600207
606929545
607145189
607245939
607268008
607538139
608671744
609179037
609550672
609698462
611943739
613689427
613702752
614222904
616747240
617331669
618913861
619070372
619100288
620357035
620651979
621458212
621565063
621629942
622268809
623229196
626255375
629058944
633959154
634800482
635499244
635890471
636271815
636525604
636819156
637611465
640022725
640043125
645440421
647836017
647836252
649295763
650648539
650753638
651681701
652924835
654127308
654211673
654709982
656850309
658855895
659619252
659827064
659848071
661892560
661963139
662485814
666153105
666712054
667492599
667962534
668206540
668430483
669122714
670017595
670457806
670613426
671227202
671578829
671687902
671779916
671984955
673235861
673628695
674902776
675954898
677977057
678144435
678899483
679484270
680652785
682187232
682680249
683737673
683880603
684773386
684878633
685560980
685928343
686441755
687206061
695519501
696636481
697721864
698204416
698406014
698438354
699067929
699200604
702258049
702268300
704152171
705362415
705758217
705796295
707154770
707912644
709383809
709705455
711897063
712170225
713336877
713982794
714375066
714403072
714445478
714759277
715779804
717030775
717369510
718630285
719333165
719492937
720408571
720775172
722278716
722560176
723539902
727364320
729451597
729836137
730720311
730821653
732022254
732194245
735413735
735654843
736775321
739856275
741182785
741234726
741660993
743049416
744846847
746544317
747382114
747961587
747980280
748381631
749638451
750855639
753069779
753111456
754188079
754622603
756589850
756787047
757327817
757566107
760431175
760818827
760877339
761118939
762746835
763105680
763421186
765091209
765975172
767873580
768727089
768749805
770761378
771986138
772388541
772404332
772839455
774205977
775735330
776299152
777728900
778018645
779465923
779655482
779919123
781098587
782918119
783152456
783303715
783434016
783757556
785319116
786298754
787748942
787942878
788476591
790775561
793866238
795505343
797493023
797611980
799730799
800228537
801420764
802879237
803011123
803079343
803633332
804083180
805111300
806701751
807079770
807320272
807344383
809534977
810434773
811120724
814128537
815737030
816651164
818709904
819654629
819760681
820177690
821558366
823220536
824484975
825180037
827272612
829997599
831772837
832213197
832821487
836915720
837864850
838376797
838469225
839247050
841068365
841791946
843195907
844767913
845642871
846822606
846882984
847305212
848076065
849470512
849925508
850298362
850360842
850767423
851174962
852190264
852388376
854534139
858108699
858357778
858932994
860541375
860693207
861731394
862988758
863321866
864373187
864617008
865197184
865709214
866741604
870564190
874050561
878222991
878724343
880272367
883372544
886712813
889973299
890586213
892053142
892066925
892573860
892575516
892728906
894309179
896553508
896834171
897888581
899224932
900300894
900629903
900776986
901378480
902710621
903317934
906330207
907054849
907393535
908783856
910412017
911279494
912370265
913582937
917131297
919670641
919903773
921676392
922296815
922984368
924011672
925412100
925855320
927870053
928786662
929063263
929994006
931158030
931705694
932759268
933842339
935621306
936845152
937794665
938746990
938866088
940032462
941217149
942565566
943017981
943170223
947681103
948899501
948987281
949661080
950226449
950300211
951225634
951365579
952207930
952218825
953462336
953583504
953692877
954753116
956171359
959175067
959849414
961760299
962754565
963651800
964559319
964676504
965569987
967135637
967519384
967586995
967767271
968971956
969343343
970909913
971389414
972254516
972788848
972911476
973447721
974357246
975402952
975537875
978272632
978557953
979072453
980207066
983304541
983595156
983598247
984066182
984096556
984660735
985127257
985152735
987197782
987951862
988595655
989880987
990357636
990498699
990824047
993254495
997396636
999162722
