10000
32176
51843
62080
147301
313914
404042
488305
508860
534046
604063
732905
740856
943480
1032732
1072713
1126691
1145515
1172056
1202255
1236586
1238124
1298354
1309183
1406148
1425302
1644123
1725863
1834756
1976126
2008296
2053461
2222247
2229513
2292288
2319238
2328766
2335429
2378873
2439641
2521273
2595070
2613999
2894639
3044575
3044744
3150863
3190175
3221902
3341924
3439325
3459271
3696498
3712426
3885633
3987689
3997473
4018729
4029445
4094243
4156070
4236101
4243889
4283225
4290636
4304983
4381504
4588283
4637138
4733949
4860700
4902022
4988679
4997181
5145225
5318920
5350893
5449875
5491027
5593797
5707350
5822227
5875707
6146205
6470452
6572648
6628074
6761147
6792406
6926625
6945325
7081193
7133953
7234736
7275904
7295623
7386436
7429545
7493049
7528169
7672736
7689253
7724052
7724590
7758134
7780678
8049705
8128158
8169785
8301693
8320073
8416832
8527118
8528429
8578619
8579708
8750175
8787767
8797376
8851966
8951117
8959351
8961719
9002631
9079906
9091732
9172632
9356988
9377969
9425593
9490934
9495557
9506339
9551973
9622874
9648694
9650937
9692350
9711711
9818441
9857076
9974012
10321182
10520967
10548944
10574509
10717641
10719555
10894468
10921650
10972557
11102347
11216736
11259146
11324871
11364693
11439703
11535008
11789529
11835722
11982053
12080058
12085392
12103719
12191616
12192284
12389400
12409522
12539238
12696891
12744697
12752385
13134685
13210899
13215432
13333518
13368514
13391142
13392690
13398061
13690840
13773225
13857279
13932029
13944337
13983592
14107031
14241564
14289760
14396857
14495330
14497929
14573911
14617175
14714584
14720499
14732673
14773309
14777376
14856912
15029539
15076477
15084292
15213179
15394487
15399126
15451103
15461071
15480325
15496845
15508231
15558391
15662479
15689300
15793142
15871622
15922738
15953665
16274001
16293071
16348337
16410191
16603029
16763456
16774422
16928812
16960020
16983752
17048181
17146293
17227241
17401561
17513536
17530088
17544008
17802317
17840272
17858543
17906086
17969839
17993975
18015365
18040273
18221991
18235329
18317492
18392477
18429026
18447581
18450499
18507593
18594095
18646055
18779153
18831424
18846515
18867239
19033661
19077293
19078183
19108413
19183990
19205332
19213727
19215231
19322432
19414546
19489203
19534692
19600995
19623844
19752973
19792853
19863163
19893079
19924800
19945182
20218992
20285566
20320872
20338197
20476390
20514555
20626470
20687536
20822549
20872039
20897919
20963051
21018020
21050727
21127355
21236016
21255575
21442057
21484538
21528649
21607724
21734657
21777743
21809642
21904576
22034223
22265960
22287263
22319872
22376949
22661353
22781776
22790689
22812722
22864705
22906419
22950656
22977218
22986354
22993858
23100805
23108518
23109545
23123309
23148329
23152771
23188400
23196424
23236085
23250395
23255796
23262371
23322342
23422332
23489752
23522273
23532768
23759921
23812840
23853361
24006566
24061238
24150573
24200213
24215222
24259356
24264113
24355699
24397966
24424222
24575866
24749419
24846558
24871543
25011740
25026455
25097235
25189195
25254922
25266954
25313038
25455440
25536045
25736916
25789801
25822004
25832256
25867448
25890719
25921413
25952265
25956846
26115037
26173120
26277905
26367540
26477578
26572024
26602826
26615979
26794459
26871250
27069541
27176411
27180783
27227223
27340020
27386300
27397002
27536853
27548445
27559348
27632943
27654426
27714167
27786772
27824307
27849071
27997951
28017321
28024618
28096861
28152007
28193051
28316274
28353836
28545048
28597030
28609183
28654085
28762834
28776858
28873416
28894447
29026588
29039086
29061594
29066482
29067079
29086747
29124946
29269006
29290895
29341931
29346808
29446129
29477541
29620794
29680523
29906491
29939408
29946305
30024444
30132496
30142870
30183951
30210496
30292624
30314344
30349917
30471029
30607756
30631731
30677149
30738660
30895803
30965477
31129170
31135528
31144042
31150599
31249448
31294736
31371025
31647308
31694676
31701287
31933150
32055650
32121007
32121873
32122247
32191021
32212057
32407367
32508002
32547902
32652473
32670076
32675863
32713512
33106511
33116108
33128011
33146105
33155072
33192504
33238847
33344727
33560873
33574844
33619629
33671683
33692062
33744574
33746069
33818074
33842307
33855492
33877748
33885120
33979726
34053727
34157652
34341930
34428371
34558591
34636891
34653069
34833487
34842029
34860092
34915998
34982058
34990472
35020130
35050604
35390793
35446611
35507511
35541633
35545995
35678086
35689523
35740326
35772188
35840151
35910093
36013014
36039310
36061513
36078143
36256009
36332300
36347522
36426881
36479323
36592688
36712849
36777391
36824378
37002086
37170077
37213857
37244985
37339386
37404119
37461406
37572649
37682267
37729988
37751680
37752229
37974954
38174600
38306327
38379370
38393286
38429700
38446960
38515530
38534246
38581914
38876777
39164508
39184366
39268224
39340961
39380099
39452644
39544014
39694100
39715840
39778236
39799457
39945024
39947296
39997681
40024459
40106468
40117404
40171932
40244829
40292064
40343478
40351029
40414461
40647306
40659408
40661161
40876656
40902238
40908527
40909082
41024413
41044595
41139543
41171884
41192083
41201308
41251664
41254970
41325538
41384925
41764725
41778418
41974549
42077733
42130836
42142336
42149964
42191927
42250719
42259952
42292480
42343433
42347937
42379175
42570538
42621132
42748737
42821527
42852128
43000447
43024977
43188326
43333427
43361359
43400682
43409757
43410470
43519663
43573444
43593475
43656571
43672146
43692882
43736744
43797599
43821980
43944581
44165132
44184121
44222235
44253917
44296551
44388516
44405922
44409626
44409790
44471858
44497484
44632671
44712987
44913359
45019965
45074207
45160794
45188513
45197640
45244136
45296905
45323454
45541582
45631282
45838621
45862833
45979551
45983960
46089524
46136516
46158550
46232846
46534775
46640947
46658142
46777718
46840533
46881226
46923688
46966938
47078655
47331690
47345575
47394365
47403482
47600190
47637151
47660302
47671181
47712736
47823529
48107865
48253579
48350923
48434816
48511146
48755565
48764746
48846027
48910591
49228424
49330194
49562551
49583728
49624328
49650473
49915962
49941942
49989620
50062382
50118967
50179265
50289093
50454699
50499309
50690054
50740540
50768632
50838787
50880474
51007990
51033392
51064042
51075457
51109470
51243715
51389767
51446918
51649792
51749893
51907668
51955281
51991947
52098436
52187536
52255787
52268992
52632125
52689158
52697058
52826117
52874110
52895938
52904312
53030108
53054244
53280923
53370033
53404946
53494342
53496564
53520127
53523572
53559071
53643105
53696590
53698117
53794580
53808833
53821114
54083483
54123229
54263811
54401285
54414189
54441964
54479529
54546281
54579320
54592273
54773540
55182507
55249303
55309754
55398146
55414066
55430622
55460475
55726688
55856072
55861486
55952326
56044951
56183760
56284250
56368706
56405673
56460216
56466662
56493382
56522731
56534074
56608160
56619167
56640450
56683765
56740689
56833342
56948549
57018748
57033095
57107190
57154800
57264468
57321267
57535019
57718553
57887119
57937412
58043058
58069149
58124554
58436094
58777520
58894725
59082403
59224135
59242837
59309115
59431283
59462413
59663299
59686554
59730767
59745595
59762564
59855479
59890248
59989052
59994329
60000327
60023264
60026204
60065379
60090672
60144745
60231702
60261490
60262104
60272521
60463475
60652167
60816444
60924200
60932737
61099215
61224147
61224839
61394749
61418051
61485200
61550427
61603023
61612994
61691438
61824173
61850562
61854393
61993939
62096208
62125434
62170184
62190558
62210115
62263832
62287598
62288166
62434547
62700175
62736453
62833669
62850084
62928403
62941076
62955484
63030627
63095974
63202689
63327429
63445184
63534178
63566251
63689583
63838606
63897546
64094683
64160127
64173404
64184551
64215344
64314785
64351130
64372086
64506042
64689550
64739941
64749181
64768959
64825510
64830034
64864070
64876914
65141217
65219945
65264876
65374058
65400417
65577398
65592534
65598612
65616371
65674841
66197220
66211918
66307299
66378348
66406730
66449656
66468225
66483613
66497021
66680058
66717516
67095840
67206875
67237384
67244028
67267819
67313538
67318167
67495822
67570349
67623590
67646996
67652302
67668514
67798808
67821919
67952607
68100660
68154998
68163436
68197115
68216565
68308891
68509388
68521426
68572362
68638837
68668982
68754046
68875905
68912974
69157774
69184240
69192679
69194171
69286602
69304735
69313852
69337851
69434306
69514919
70015167
70230142
70355374
70465875
70596307
70675044
70798284
70853781
71089129
71196834
71232331
71320172
71477168
71494250
71529685
71606494
71713300
71732635
71773469
71908770
72021853
72050998
72088974
72217428
72348524
72353565
72454258
72499417
72504728
72519347
72741008
72748474
72775685
72948079
73025109
73183397
73228285
73241076
73252492
73322570
73368933
73418923
73481235
73533564
73549010
73926603
73965950
74000434
74000979
74115291
74247201
74258495
74296355
74296788
74297641
74397384
74488274
74550144
74556143
74826130
74857817
74883096
74910351
74914805
75018230
75170974
75221877
75224441
75403549
75464467
75481634
75489907
75555943
75614277
75759254
75842819
75991360
76116503
76199267
76205378
76206730
76577015
76653874
76699032
76792767
76820807
76832860
76938298
77068113
77146620
77174256
77284977
77293178
77378478
77611072
77614452
77633493
77755811
77888811
77984265
78045298
78051398
78152689
78170739
78177996
78192595
78229955
78349606
78395143
78409406
78425771
78556105
78565181
78591646
78672697
78697781
78711296
78742551
79021509
79026971
79034727
79128506
79185310
79410551
79413045
79449105
79467088
79538629
79717596
79831175
79838769
79965978
80086682
80089571
80102114
80185940
80320621
80423916
80437845
80680063
80707981
80846132
80864628
80886356
80890498
81182833
81184808
81350452
81367736
81478089
81507994
81714030
81765827
81852848
82066676
82128544
82225191
82425156
82436119
82580940
82602207
82629633
82686568
82701796
82772684
82804869
82837740
82919530
83123487
83170226
83181121
83206686
83303545
83355605
83450258
83576077
83803634
83873788
83910939
84186751
84352667
84357738
84417522
84447944
84485201
84510895
84554244
84642104
84685505
84756557
84807248
84876734
84931241
84996145
85183525
85206339
85274389
85344347
85369951
85389176
85575956
85631893
85844915
85878811
86058878
86128568
86147448
86243249
86472539
86639990
86699046
86728791
86738574
86760218
86787291
86976554
86983621
87032555
87062423
87081244
87343620
87510922
87561363
87572995
87575362
87711722
87716466
87782897
87783371
87899801
87918614
88197584
88311564
88378661
88424910
88426938
88428373
88442816
88513363
88564523
88653539
88675766
88748378
88775135
88888250
88922845
88963982
88970993
89019259
89084720
89140266
89221767
89597249
89598131
89729247
89855310
89891731
89950756
89985109
90120311
90140564
90145261
90148054
90172236
90190231
90416144
90515405
90613349
90701938
90816691
90859846
90884600
90942747
91047572
91113425
91124822
91129182
91136996
91187028
91337579
91416934
91532738
91576327
91643644
91870333
91872797
91957201
92229488
92335930
92437369
92506042
92514352
92514912
92660544
92680739
92841406
92924135
92995600
93011135
93088085
93209535
93274939
93411472
93492823
93495016
93555793
93568540
93650864
93791273
93921820
93985090
94041058
94042010
94082341
94250102
94347594
94372685
94403820
94426847
94721127
94825156
94838733
94846223
94882744
94902638
94951199
94975974
95018353
95055445
95172923
95192079
95524339
95675758
95731417
95743163
95801116
95833901
95851321
95878160
95996392
96012443
96018658
96051845
96053645
96085889
96166384
96466009
96473201
96520887
96710258
96710701
96719104
96784116
96823641
96930162
97012102
97041078
97046009
97051392
97144128
97152080
97218985
97226447
97253923
97255034
97387056
97394792
97474084
97501374
97552170
97657461
97728531
97975443
97993677
98059080
98112954
98132344
98186864
98226933
98233708
98394576
98404013
98552802
98628888
98804467
98895126
99055020
99160627
99265348
99273139
99520407
99627965
99655118
99771217
99790712
99868178
100057303
100073848
100089685
100113327
100160530
100179158
100220372
100311533
100329985
100339122
100348052
100584353
100709942
100733941
100738412
100828002
101006510
101024259
101132858
101160431
101193674
101197609
101292886
101317129
101363317
101401436
101408795
101518244
101622574
101659609
101719577
101736457
101777567
101789066
101890723
101923182
101973563
101992585
102058520
102237066
102256831
102331143
102369752
102378108
102617394
102688935
102747593
102775245
102842616
102860050
102862342
102895646
103064461
103378954
103471549
103502705
103561434
103573382
103930479
103943569
103951524
104058751
104067866
104110721
104175114
104195663
104375277
104536849
104586542
104641939
104660416
104802951
104874752
104875422
105108541
105273958
105344255
105351928
105397061
105402336
105581059
105735392
105758549
105797032
105972672
106028024
106104772
106120658
106233870
106250798
106309804
106352005
106562152
106572444
106601735
106608744
106614025
106650750
106765385
106768134
106777633
106806633
106993945
107097529
107254612
107313663
107321630
107407875
107412512
107467174
107477237
107510694
107541192
107575571
107589300
107621376
107711413
107741333
107751226
107812703
107828616
107854568
108011727
108046516
108285852
108286012
108613833
108786539
109023333
109034099
109067343
109308904
109344145
109397973
109425406
109593900
109604047
109699350
109717324
109719613
109749835
109831399
110119500
110120947
110121182
110205772
110256341
110308469
110429315
110469214
110613683
110927312
110972911
110993424
111011655
111048402
111073654
111120301
111168209
111180572
111217259
111256899
111389570
111425077
111445083
111446015
111457388
111604394
111697115
111765909
111987771
112013721
112031745
112051078
112102299
112135298
112145404
112244652
112314122
112396048
112435321
112435578
112444714
112447371
112531482
112542661
112687679
112793192
112842975
113056641
113075447
113640576
113713463
113780675
113924002
114162874
114165539
114231325
114314225
114567028
114575161
114604821
114611692
114653560
114678331
114769853
114793699
114950459
114999062
115204111
115227422
115265782
115269026
115271030
115375973
115629436
115668334
115671069
115680177
115729817
115828741
115863564
115887386
115896441
115930067
115946522
116420457
116435619
116492967
116655421
116762276
116782813
117231065
117315012
117329156
117349532
117359954
117410821
117425008
117537965
117580293
117629294
117726898
117752773
117791189
117856650
118059493
118087969
118256248
118290647
118408701
118463713
118480746
118492611
118680692
118734266
118851888
119120761
119228229
119242184
119331324
119402418
119439628
119480043
119586716
119793703
119825441
119967518
120031594
120032511
120217270
120391145
120425548
120441916
120479048
120499374
120725518
120828761
120842029
120859398
120980644
121137984
121223235
121415863
121498204
121668890
121776407
121886526
121909663
122126130
122309654
122410705
122577573
122685909
122789381
122817351
122878704
122878898
123171801
123253349
123253431
123617021
123655773
123905919
123915131
123947307
123992332
124077944
124290148
124409945
124742356
124771822
124819460
124834188
124865964
124992024
125062875
125191067
125277327
125359234
125521831
125542453
125698685
125705305
125784284
125856820
125902208
125990061
126107501
126119826
126309844
126422879
126499898
126501332
126554142
126596457
126622764
126726526
126736956
126907296
127088587
127099308
127261085
127277475
127344530
127384655
127463018
127514773
127810955
127896858
127991698
128087872
128100364
128233685
128263902
128280186
128281348
128357498
128573984
128602600
128648847
128650284
128732087
128765755
128928408
129128257
129133244
129147809
129220129
129315036
129342833
129447802
129609756
129634862
129840827
129864038
129909156
129914133
129920312
130054378
130213332
130241740
130343839
130348235
130445915
130535105
130585415
130643763
130664775
130691709
130713344
130723549
130836738
130904948
131020653
131234700
131269521
131388150
131415837
131475489
131501168
131619549
131637233
131660881
131748077
131753745
131765620
131766409
131784280
131818168
131855264
131859950
131937342
131938555
132092242
132103976
132139532
132150463
132277778
132353038
132370142
132399190
132475806
132516202
132531295
132713334
132797047
132801204
132841074
132856732
132879551
133058914
133136884
133138678
133184355
133207910
133270610
133293251
133304189
133391348
133484792
133485729
133495939
133507291
133558154
133564116
133609233
133802108
133829476
133945676
134130539
134188809
134256206
134302002
134308383
134449412
134560790
134651892
134655900
134726280
134757630
134855644
134933896
135014601
135120168
135317589
135350673
135395531
135395809
135419587
135443985
135480711
135513770
135638172
135787641
135926419
135935342
135957006
135987756
136005242
136066256
136076839
136150536
136274677
136279766
136304807
136340110
136348482
136411846
136584670
136626226
136693049
136865932
136886524
136889951
136902771
136943847
137054900
137117638
137138384
137267443
137280412
137363767
137370016
137372030
137471286
137501615
137554347
137573449
137617674
137706878
137715116
137722247
137798565
137829070
137839644
137858354
137870833
137897534
137904147
137953705
138108244
138111522
138154301
138195911
138262327
138262685
138316573
138322906
138401875
138447602
138568871
138569853
138651462
138775814
138872850
138876747
139100237
139250158
139332546
139333455
139503400
139513213
139591306
139670355
139694387
139844057
139881884
140029140
140029475
140095589
140238475
140275102
140310767
140337869
140388082
140583730
140585268
140701824
140747560
140755282
140805089
140824794
140826038
140842111
140898537
141039165
141040337
141042442
141063452
141245317
141315679
141316888
141325196
141393724
141546760
141563429
141599136
141850165
142010912
142050950
142116662
142135527
142141551
142194532
142316532
142421293
142538044
142615563
142632742
142664923
142738276
142769969
142820956
142955401
142970345
143023558
143068707
143111573
143227238
143301596
143350341
143404559
143424346
143458756
143502141
143562448
143579978
143662747
143710814
143777144
144103183
144310336
144389999
144625478
144691458
144707324
144775659
144794041
144822740
144837448
144870385
144882521
144894912
144904035
145059941
145273488
145344659
145389581
145511718
145516288
145565711
145572588
145626874
145667256
145679313
145736007
145825847
145918948
146001859
146171850
146239435
146264028
146331422
146376113
146436413
146579161
146725867
146742567
146774142
146791150
146874483
146876299
146936551
146961274
147102291
147106315
147130432
147141602
147188603
147293857
147341358
147421986
147430841
147513114
147612353
147943525
148137184
148185651
148231201
148280983
148360698
148396335
148515425
148534705
148605155
148769773
148808694
149045987
149074853
149207907
149243782
149409965
149607874
149611227
149866361
149992144
150044641
150133695
150232653
150251669
150317682
150327313
150349126
150505018
150766204
150790519
150828126
150842289
150843512
150901022
150988207
151049732
151435433
151513669
151676311
151816078
151950664
152050030
152126361
152142909
152222152
152361086
152376531
152601997
152701331
152719368
152731796
152740488
152965900
152998755
153130713
153179957
153285020
153368000
153722884
153724900
153727947
153804988
153930831
153944869
154032999
154088693
154169138
154173758
154353256
154517321
154772891
154886428
155004950
155066688
155505806
155635273
155702000
155722091
155902725
156037949
156223542
156359046
156359467
156377578
156403727
156419465
156760574
156846314
156848394
157067869
157222203
157315583
157384011
157517778
157573013
157592466
157811025
157825820
158303856
158426303
158438924
158469743
158524761
158617091
158698018
158705245
158995821
159002361
159041330
159296367
159443996
159454243
159765503
159776020
159812012
159951484
160089159
160090921
160270135
160372408
160449824
160496975
160539959
160556778
160591871
160877976
160955710
161228765
161438007
161438444
161527298
161682498
161772786
161989368
162035970
162041150
162058187
162068362
162116499
162406839
162488908
162496521
162500138
162555378
162560307
162663465
162674767
162762434
162808014
162927403
162967319
162975357
163112915
163141911
163145202
163332997
163426533
163519486
163793986
163845167
163953146
163956962
163971511
164037065
164141817
164159082
164212847
164404593
164896737
165026978
165128978
165129007
165322074
165422480
165570427
165599321
165739598
165793647
165794117
165986553
166056477
166084047
166199705
166339198
166343424
166468938
166478994
166568110
166757781
166850225
166872464
166887012
167051701
167136474
167167324
167171009
167230908
167286583
167292139
167398036
167490686
167572019
167728117
167844861
167881896
168170361
168204640
168216784
168463787
168493834
168679076
168742540
168867133
169391830
169489343
169602659
169682513
169764285
169942416
169973034
170017437
170176282
170746442
170748623
170847431
170898950
171048048
171219693
171337614
171339854
171755590
171762432
171916489
171938278
172105973
172194427
172377159
172480788
172482370
172563343
172609032
172766920
172834860
172903686
172959948
172989578
173375456
173408989
173521660
173557019
173564913
173564922
173755811
173768143
173773333
173850617
173860625
173998311
174158848
174246789
174328888
174402177
174543871
174550915
174736607
174769996
174772554
174791353
174999776
175028942
175029306
175041870
175254239
175315307
175368520
175423471
175478981
175617309
175682366
175718728
175782697
176186869
176216295
176297151
176382616
176429946
176475009
176511616
176597528
176617886
176703665
176832773
176885596
176889292
177070308
177182501
177303096
177421420
177423455
177516350
177678749
177687611
177773698
177785042
177796102
177830794
178045960
178176398
178226529
178472893
178594399
178598633
178814479
178817151
178852506
178909242
178933877
179031599
179145850
179185800
179395093
179407608
179466914
179509800
179511297
179642838
179760954
179770101
179832436
179953337
179978477
180055692
180440225
180498159
180527313
180566302
180578610
180611899
180665071
180672304
180934839
181185992
181338730
181458152
181519403
181597482
181633958
181671750
181941178
181973151
181985584
182020567
182516092
182716782
182779565
182785643
182839658
183022202
183142354
183387457
183562424
183626690
183681493
183779683
183900879
184008970
184156835
184392991
184469634
184498782
184602418
184665515
184684005
184744110
184754264
184866719
184941837
184981835
185078120
185089423
185174765
185183395
185284044
185302353
185323729
185601430
185668241
185773257
185794019
185823257
185880286
186070321
186118911
186226277
186420797
186490198
186740492
186834184
186950255
187249887
187380468
187559697
187576033
187783681
187815794
188192494
188200541
188630899
188630944
188692213
188705528
189016383
189065748
189110699
189115291
189145830
189216106
189250018
189299432
189445707
189543087
189644517
189905021
189976029
190195404
190334216
190808731
190894398
191047431
191198859
191410178
191485364
191713673
191802946
191986221
192003142
192008718
192030648
192035862
192045017
192074467
192165004
192311622
192314697
192341838
192365725
192377650
192380124
192462791
192503344
192638134
192846403
192914880
192923221
193068569
193096502
193337413
193373242
193609856
193911077
193961423
194142133
194159499
194288474
194302139
194415599
194717173
194771772
194870012
195016013
195063146
195063180
195180352
195208300
195318023
195403038
195529216
195615905
195699826
195786082
195805549
196047760
196104589
196250880
196279101
196707739
196816631
196860833
197183900
197255914
197388472
197638398
197702054
197806136
198081574
198094731
198142024
198253816
198267878
198382827
198512281
198708878
198762555
198778900
198801078
198889316
199143218
199216543
199342542
199386721
199388372
199557790
199559971
199782691
199824226
199898095
199945192
200041886
200072917
200199264
200281708
200318410
200346831
200787693
200924002
201402770
201467894
201567011
201599504
201652885
201950938
202086794
202230990
202287070
202312401
202318711
202449649
202626752
202792209
202890018
202894501
202966449
203100798
203123066
203178854
203184247
203248474
203250377
203724351
203915841
204115858
204217642
204426219
204437884
204520496
204527652
204636646
204641038
204849147
204921682
204973847
205077028
205145781
205256096
205443772
205475336
205493205
205661334
205751395
205848579
205950298
206001857
206229833
206231436
206324654
206409965
206561783
206570383
206633594
206677505
206692308
206965124
207122352
207179195
207233164
207418452
207436319
207448927
207534418
207654001
208103177
208145776
208188809
208273424
208380836
208598076
208669116
208769430
208860065
208870863
208893029
208978232
209461855
209472316
209525173
209549236
209562878
209629632
209752333
209876129
209916672
210006713
210073833
210210549
210228828
210521803
210672371
210682520
210808669
210817091
210893382
211007374
211195201
211433755
211725524
211819939
212189411
212237340
212314404
212700253
212891545
212977847
213194666
213244636
213354229
213597155
213633904
213663648
213890390
213947474
214026582
214036510
214096167
214102321
214134263
214265756
214383270
214546002
214651732
215125573
215153041
215299507
215305938
215577284
215656742
215661588
215883511
216078897
216382350
216571492
216677961
216685987
216768397
216989824
217013373
217120299
217200334
217200564
217295337
217499665
217519840
218204615
218245479
218246762
218269462
218277957
218342806
218360901
218844685
219083827
219186908
219258386
219308782
219395971
219428138
219865083
219935004
219960620
220056830
220378311
220599315
220868935
220922484
220967011
220983583
221053315
221244676
221336686
221666555
221689541
221758213
221876846
221959150
221990241
222065436
222154973
222200699
222252475
222558733
222610732
222641837
222683439
222693221
222867787
222942229
222979443
223329064
223413808
223558499
223587020
223729202
223891852
223976657
224047367
224072564
224132550
224210435
224220670
224500727
224506219
224528295
224572760
224574622
224823789
225217155
225602004
225616713
225654132
225708852
225776951
225798689
225817068
225953598
225966188
225997296
226287557
226383830
226426689
226442792
226725145
226731596
226925662
227011473
227068208
227470463
227841886
228008607
228111508
228237609
228248010
228403688
228443561
228506637
228557831
228603729
228625878
228741853
228745084
228913397
229006006
229197552
229216059
229332447
229371611
229443962
229557284
229571247
229586445
229607565
229982053
230107286
230229948
230253968
230285626
230286642
230383926
230482020
230522763
230680384
230780193
230838629
230954654
230956042
230966961
231020765
231211609
231245250
231484379
231559523
231681190
231705322
231720791
231787000
231887848
232059614
232151369
232321779
232823320
232921640
232981821
233188629
233226638
233440104
233538132
233695341
233801401
234068078
234172543
234218006
234536118
234686330
234801284
234816207
234955655
235045614
235158288
235299989
235387552
235819341
235859971
235888636
236074699
236084544
236133349
236240461
236417086
236603254
236689775
236709234
236791953
236907155
237119294
237150050
237196624
237245644
237272225
237347982
237465251
237561407
237622442
237943331
237982560
237990052
238097680
238101319
238105201
238141152
238177097
238262665
238281030
238350218
238403722
238645933
238710379
238733509
238739802
239132529
239148092
239230984
239246108
239271069
239303102
239338315
239705893
239803943
239839714
239895203
239912007
239981880
239982193
240015089
240044429
240057902
240312606
240351312
240355896
240460286
240471027
240578118
240681363
240739255
240746642
241471205
241501682
241525371
242241803
242361712
242413199
242429046
242678424
242913192
242949242
242974890
243076720
243249213
243290751
243370351
243659068
243712484
244069580
244369945
244448347
244616009
244623323
244719857
244744688
244881464
244912899
245001083
245539793
245896351
246065377
246231823
246304465
246368685
246415610
246520669
246658962
246742619
246834012
246861647
246885081
247035975
247051135
247173643
247196886
247230080
247446224
247458240
247545463
247588033
247787362
247800351
247932353
248153757
248385513
248390966
248392178
248416252
248498374
248500355
248708061
248952505
248956276
249036891
249126543
249209740
249358236
249399844
249458487
249458558
249754975
249926362
250101041
250131404
250161033
250218317
250291519
250433010
250581267
250628336
250677844
250679844
250766387
250771432
250885996
250965978
250968584
251012597
251071514
251129202
251158305
251283356
251297326
251337072
251351930
251483072
251564129
251821956
251877686
251926446
252171142
252358649
252426473
252534913
252551355
252644799
252703839
252722140
252911263
253028424
253039589
253163278
253185045
253259972
253270282
253291130
253475437
253603843
253703611
253779367
253814521
253817178
253822823
253938967
253948282
254099634
254167781
254177539
254214853
254244919
254318781
254422411
254429099
254532396
254598494
254673630
254704028
254800789
254835322
254997517
255039103
255118216
255163336
255211222
255366103
255724432
255811394
255912956
256170149
256221664
256260942
256456436
256554311
256575018
256591413
256605935
256785997
256797147
256832152
256840980
256882639
257367951
257368231
257693052
257706259
257739611
257849465
258224693
258231133
258480100
258516995
258540287
258625376
258772565
258852716
258853227
259189017
259338789
259487096
259709263
259763470
259904711
260052308
260123499
260142645
260152804
260307495
260434902
260463742
260466585
260489762
260560992
260565488
260596367
260713779
260897567
260990200
261103797
261141225
261184782
261200542
261310930
261335240
261417791
261763441
261864226
262113109
262142571
262235932
262633867
262688410
263188731
263210999
263328096
263528020
263545566
263547052
263780570
264028205
264054779
264060262
264251809
264297911
264396983
264441237
264551385
264568756
264754500
264917670
264921440
264941113
264959077
265160661
265177998
265273097
265275030
265443814
265671824
265683364
265798398
265861851
265957032
265990436
266016038
266023364
266051885
266127152
266405988
266483961
266485938
266539553
267067726
267134369
267309572
267317766
267436347
267497621
267790853
267829943
268120529
268172491
268297842
268361288
268500051
268518733
268702005
268729234
268829409
268848050
268890868
269041168
269136152
269219879
269680621
269689020
269730957
269865762
269899652
269970481
270097506
270274938
270299002
270399074
270441489
270454037
270932920
270939772
270960695
271149195
271239228
271261611
271311543
271360406
271378479
271513896
271793170
271888744
272199312
272210029
272436723
272462364
272470064
272804720
272928592
273094088
273317767
273694797
273745343
273966236
274059272
274315855
274408299
274636802
274654624
274719566
274777518
274952097
274999502
275147167
275164556
275206517
275228854
275240598
275474886
275637651
275653504
275809402
275959975
276001084
276030831
276142197
276179209
276406044
276773128
276935157
276996035
277001768
277005417
277027026
277306214
277549138
277656787
277796113
277916212
278374608
278385293
278426111
278448278
278528524
278537831
278589988
278647566
278682947
278775111
278799337
279096301
279116717
279256824
279387620
279516350
279550366
279636859
279716930
279730095
279811483
279909374
279986977
280040293
280148174
280221601
280259239
280292372
280350183
280407865
280424776
280429296
280966034
281081442
281095838
281171184
281236666
281352068
281575679
281608026
281639476
281770899
281777006
281860093
281900986
282433732
282730154
282802032
282851168
283138183
283160786
283171573
283299051
283402361
283407263
283575946
283837469
284081979
284203930
284639977
284859629
284988432
285179972
285183211
285254853
285266464
285333331
285415015
285541519
285565978
285577677
285877528
285966083
285981978
285993005
286172543
286305870
286352340
286510753
286568962
286584572
286603300
286922648
287151713
287152066
287327103
287619031
287715784
287778787
287941194
288078746
288110037
288148836
288300839
288340254
288358388
288479638
288491969
288525823
288539773
288765817
288888466
288935367
289126356
289239768
289268444
289283295
289458007
289526470
289530590
289533631
289590124
289625028
289693147
289703563
289961459
290157880
290410842
290873790
291197644
291590754
291678177
291800905
291813780
291903757
292040089
292079520
292110445
292271712
292366593
292534989
292590639
292622560
292711153
292730233
293046097
293047047
293256134
293264315
293331590
293464485
293593099
293777998
293908586
293931676
294207317
294288371
294336820
294720655
294848162
294856874
295059023
295195500
295283442
295336314
295595047
295628728
295735801
295897963
295933866
295940000
295987766
296010783
296103056
296181442
296191341
296254384
296279563
296531953
296551567
296596300
296679387
296732146
296789577
296858063
296958577
297224672
297433245
297499120
297747701
297769111
297836579
297993347
298056267
298111337
298192810
298213105
298535695
298647911
299039781
299101954
299122252
299131023
299213766
299228194
299281111
299314331
299526650
299630153
299720116
299777436
299824049
300093368
300189246
300403483
300644989
300774464
300829184
300968471
300976351
301054010
301101368
301150927
301293812
301390177
301458876
301481503
301517957
301657052
301685846
301718717
301800935
301835318
301863813
301865972
301973724
302039560
302128197
302142490
302174603
302257368
302303565
302404250
302476454
302543238
302666198
302838179
302884047
302927070
303318389
303393242
303678130
303820701
303835870
303862865
303871499
304140171
304194886
304221604
304434142
304776787
304807055
305170641
305335059
305385272
305424252
305449661
305759269
305774884
305830078
305835521
305895280
305957979
306121096
306128507
306148467
306149646
306199877
306216901
306278929
306370220
306391012
306400593
306432970
306480929
306612287
306721610
306750111
306754548
306816660
307395937
307433361
307490006
307493626
307547282
307578831
307637647
307653324
307667894
307789198
307855617
307858311
308008611
308142780
308291228
308419203
308514994
308622039
308657234
308801791
308873672
309058176
309169190
309419212
309577497
309590717
309618926
309619750
309819302
309943938
310047739
310178418
310237265
310391324
310462449
310478826
310828063
310886659
310983917
310993768
311032939
311041581
311333985
311358899
311422918
311441985
311505062
311611526
311709576
311761719
312080450
312323736
312400615
312786486
312903356
312916788
313233935
313278517
313440228
313518547
313922963
313954414
314010099
314103702
314229268
314233743
314635032
314643260
314655391
314765139
315147628
315511702
315752034
315834104
315874582
315967153
315982411
316038294
316381474
316441229
316449206
316517713
316536491
316594865
316648988
316882878
317016106
317046930
317067398
317101804
317272461
317420027
317506862
317580153
317771236
317905096
317937647
317976926
318056713
318215002
318453819
318534076
318683906
318692519
318754435
319215242
319750162
319930276
320130095
320642416
320817719
320885059
320991705
321460453
321834888
321900986
321921816
322064961
322115261
322139095
322143904
322145901
322166193
322166690
322251236
322260778
322393600
322414612
322525096
322581041
322697114
322867503
322942428
322970756
323100547
323379889
323518605
323665657
323745143
323827635
324209183
324578745
324588001
324594958
324758669
324832582
324859587
324894849
325059101
325410785
325433062
325801735
325839665
326094341
326131633
326396000
326407744
326579595
326637203
326652493
326956703
326959747
326996981
327219176
327374987
327389856
327611330
328320499
328342742
328509492
328689348
328702614
328783385
328866923
328887593
328960869
329049765
329196750
329199996
329356552
329521079
329616819
329769770
329783492
329810637
330003179
330014061
330176249
330207090
330239424
330436341
330468251
330508352
330691507
330822525
330910273
330987504
331137879
331219539
331248373
331607687
331670187
331747496
331830032
331904534
332347275
332369428
332450923
332519950
332843375
332972392
333005831
333109409
333254353
333279110
333455608
333618965
333632086
333691518
333818202
333959668
334009446
334120880
334273584
334300441
334359085
334553424
334556776
334652713
334703775
334882672
335208434
335366949
335369505
335406180
335740908
335789717
335847262
335995065
336194926
336245233
336368339
336387492
336411373
336473264
336495108
336618543
336643770
336649275
336739130
336757688
336890590
336941784
337121225
337292442
337315027
337330880
337385350
337576823
337778045
338054082
338174450
338326040
338437759
338699353
338768836
338770216
338897584
338980284
339201634
339343959
339357342
339358815
339377287
339381371
339438577
339459992
339589608
339601431
339604814
339615027
339647084
339650652
339735277
339812478
339962462
340028409
340411501
340604491
340798143
340798388
340888580
340972312
341140611
341143236
341279044
341321905
341727967
341804741
341837982
342249448
342333948
342441647
342628903
342686569
342877902
342946631
343134909
343189440
343275469
343291693
343401784
343583081
343664604
343732012
343753444
343837163
343928070
343934693
343966510
344370567
344483876
344485109
344551541
344554450
344584761
344656877
344895752
345031914
345075654
345186559
345266855
345351494
345853099
345919138
345961086
346023388
346103941
346264635
346309326
346310959
346510325
346561272
346591649
346670428
346734039
347015652
347024256
347024971
347172734
347231328
347372601
347622206
347708633
348264105
348401331
348955503
349038159
349153407
349270435
349394976
349564503
349591552
349597038
349616892
349647709
349678005
349833230
349879671
349991409
349993606
350062572
350202301
350250202
350303885
350436680
350548003
350560297
350764093
350904361
350927852
351056497
351202223
351225761
351231845
351233727
351661289
351694455
351709998
351717568
351750827
351776467
351842195
352025601
352067784
352070923
352580405
352652622
353245482
353265691
353397349
353575689
353577392
353604007
353631065
353778193
353813733
353839824
353880806
353936130
353937307
354125778
354308326
354409855
354488155
354603717
354716649
354804403
354977015
355185370
355301537
355360754
355662868
355663722
355665006
356272165
356299466
356447197
356457163
356469221
356558043
356643845
356685617
356838827
356877362
356986007
357145160
357197071
357205870
357208861
357308160
357323110
357480960
357831068
357852360
357943228
358093137
358108058
358153897
358286692
358395457
358464675
358479885
358582657
358614971
358732192
358761708
359052152
359104426
359143502
359179433
359196067
359416771
359659316
359743769
359887744
359970286
359974466
360026698
360082839
360338796
360365408
360432392
360463810
360551489
361069842
361384667
361449349
361700819
361716222
361780766
361783134
362095787
362175285
362451042
362467213
362507423
362670410
362690681
362717827
362720099
362821296
362838528
362931167
362945665
362950594
362978087
363004507
363187345
363223153
363350504
363595275
363620310
363676995
363735040
363765020
363813034
364160389
364636692
364682156
364721880
364742184
364771483
365016692
365027614
365055844
365270911
365329749
365660594
365786281
365820041
365894076
365928647
365944533
366208077
366225523
366243305
366248249
366506260
366558782
366649668
366805461
366831869
367041887
367126369
367283341
367352415
367359351
367417912
367420677
367433655
367497447
367518916
367597466
367764265
367849757
367896044
368192824
368380176
368444848
368750308
368987202
369167412
369406240
369546231
369575893
369696319
369858640
369911603
370127774
370205238
370294007
370306296
370450235
370701618
370783792
370954826
371032059
371124523
371290342
371638362
371995999
372028660
372156322
372211882
372355432
372558514
372563650
372854470
372934247
372966461
373127201
373165060
373278645
373538256
373721704
373725144
374049839
374080292
374740385
374830551
374863594
374866765
374902345
375035838
375102217
375159114
375291409
375345885
375356645
375406192
375410127
375436909
375580914
375733813
375867257
375924844
376058717
376154404
376178228
376183672
376251237
376260102
376306010
376605077
376662032
376709033
376721665
376903464
376994730
377166729
377205117
377319596
377345092
377586332
377595326
377720410
377765630
377779514
377812508
377827433
378199081
378225160
378273588
378338084
378358227
378370703
378428428
378527022
378626328
378637420
378677507
378929904
378943070
379096499
379455001
379667592
379773451
379806700
379837183
379965429
380002630
380007821
380173471
380255744
380330472
380365181
380371294
380411622
380510689
380603636
380842376
380907287
381033628
381190292
381266245
381403420
381448852
381502145
381612277
381807427
381841155
381854240
381870064
381871246
381887912
381911021
381969271
381996394
382069004
382100088
382140855
382189694
382200549
382216643
382218241
382220814
382232725
382256820
382567067
382573953
382816870
382839855
382913852
383158767
383248089
383369803
383440690
383533785
383570588
383712178
383868558
383932137
383991473
384201270
384451258
384474123
384750182
384859937
384909239
385039066
385130373
385226027
385245262
385327680
385342993
385421872
385422202
385566112
385711481
385718408
385758176
385814167
385825471
385985019
386012426
386027528
386032175
386075594
386097241
386118811
386183239
386283497
386473176
386493413
386527148
386534406
386665528
386915450
386940765
387030917
387036310
387080035
387288518
387430879
387446217
387453524
387482958
387727671
387736851
387772351
387857209
387901392
387923676
388171217
388266731
388333862
388390133
388466032
388474946
388548613
388589740
388832684
389002653
389056929
389108623
389127195
389192882
389265377
389287227
389294664
389323039
389405762
389573613
389964327
390105264
390105615
390157430
390319543
390332442
390424300
390460389
390750623
390820697
390921943
391039193
391092060
391094473
391186008
391186742
391208877
391311617
391427970
391830165
391888299
392059510
392281185
392396230
392405445
392898689
392928703
392958690
392965985
392992570
393108663
393202788
393343888
393351836
393516872
393668760
393719844
393855964
393892265
393970243
394153031
394248010
394265727
394300747
394390060
394406382
394490252
394494640
394620948
394673157
394815464
394835639
394916735
394960174
394964851
395081244
395141287
395217071
395375275
395457937
395574818
395661824
395890216
395932537
396133262
396160218
396356639
396372245
396411814
396476672
396554086
396659605
396892823
396989447
396990367
396992086
397041242
397220248
397371201
397387688
397640797
397772786
397915334
397954577
398028168
398197166
398219543
398439899
398483184
398579513
398676726
398695602
398794950
399007905
399052328
399055896
399104390
399130483
399220752
399234471
399252465
399389524
399539554
399619109
399621161
399660480
399759235
399776854
399951913
400104309
400220118
400339399
400469383
400605077
400637239
400702450
400712897
400820701
401196204
401244443
401399200
401410825
401433587
401481445
401644389
401666064
401723932
401846840
402027744
402086634
402313877
402441869
402521704
402558843
402693723
402783298
402831577
402984713
403086634
403095937
403313622
403386064
403555807
403605877
403876165
403928285
404068853
404125462
404131962
404482275
404549630
404690814
404799906
404863129
404879573
405388460
405453139
405497977
405516277
405618342
405635302
405760159
405798688
405826562
405878804
405954812
406252561
406358544
406481901
406499510
406506726
406531527
406680761
406684260
406687261
407100705
407148105
407253354
407320861
407335017
407343959
407348496
407351109
407366313
407442588
407763711
407997109
408103566
408229496
408572931
408938124
408943878
409032345
409103628
409178877
409185309
409205373
409246838
409428096
409493996
409542094
409862256
409917041
409917304
410001196
410164012
410180955
410224009
410227045
410303727
410460730
410565368
410586012
410706133
410788478
410907106
411053850
411060179
411174701
411194118
411538717
411578419
411614485
411624962
411628634
411833737
412419465
412440747
412938583
412953834
413005303
413011225
413131694
413242750
413283689
413388464
413423943
413445427
413716454
413814229
413840707
414030354
414343738
414349624
414596233
414655116
414689745
414719309
414795189
414814465
414852014
414897276
414958553
415052835
415061884
415144737
415164892
415345556
415850279
416138993
416314015
416376995
416702173
416783100
416820190
416949951
417032433
417307926
417361820
417389977
417526264
417689503
417885489
417928143
417930845
417934123
418397648
418527513
418573433
418807302
418862770
418951412
418961953
419007403
419209350
419481023
419502360
419562459
419719332
419746670
419854881
419968426
420264547
420432065
420486038
420939012
421237468
421368790
421730023
421746696
421949115
421954367
421980598
422041667
422274725
422278130
422373274
422680904
422715102
422880135
423231395
423292008
423348207
423468019
423479209
423486332
423531716
423757327
424007594
424033056
424381453
424930639
424961384
425187683
425233977
425340294
425427251
425440588
425558563
425673636
425810665
425815439
425889358
426057550
426222577
426251025
426295245
426486559
426591160
426598520
426695704
427054301
427233974
427290630
427357221
427712615
427767515
427833337
427998854
428166459
428199816
428303216
428350465
428461582
428508903
428650400
428808251
428846234
428934978
429097486
429337590
429359797
429593048
429767396
430179437
430217333
430289791
430657816
430762055
430951354
431011249
431040433
431041435
431150030
431264178
431343820
431360807
431571344
431574130
431602948
431804473
431903869
431974292
432079672
432098336
432256791
432265631
432339125
432637792
432691704
432719926
433102353
433344144
433805667
433822720
433931122
434335925
434354619
434372413
434437335
434495844
434497389
434560716
434578516
434647623
434707714
434813586
434985791
435092032
435316907
435479926
435820066
435880088
435901778
436068414
436115525
436560535
436603111
436688259
436848149
437087301
437200488
437268101
437534505
437726249
437925753
438024279
438092679
438354308
438438112
438551867
438612037
438614232
438656638
438749557
439019789
439121198
439150711
439212880
439215057
439227580
439256641
439411851
439477769
439554068
439768435
439899443
440089216
440453845
440502184
440667005
440707899
440721004
440814992
440865486
440999181
441032360
441266087
441272123
441339176
441394911
441642034
441761070
441772228
441773339
441788601
441833428
441869010
442002558
442083431
442454350
442628081
442657022
443012889
443072500
443101343
443151589
443176251
443231586
443348159
443557267
443621194
443664217
443719730
443738889
443894052
443958312
443993269
444066174
444346094
444403214
444631258
444877255
444981641
445263508
445576193
445702737
445755576
446172056
446257734
446379091
446394866
446585365
446677022
446702903
446792024
446824906
446847772
446971511
447069435
447232474
447268167
447360514
447510186
447730227
447763327
447866386
447921056
448172956
448217964
448226468
448360595
448790208
448931435
449136021
449159445
449226316
449229395
449234039
449260333
449432910
449575306
449622768
449758068
449805730
450048053
450144330
450150754
450232280
450277343
450328111
450351573
450388689
450476564
450531022
450542921
450716898
450748090
450890669
451227113
451317113
451385253
451586092
451626904
451670414
451674495
451897516
451987441
452075448
452181014
452488247
452805974
452826444
452858840
453026068
453042663
453294102
453309358
453391340
453396523
453409961
453555930
453633995
453751214
453791064
453979841
453997913
454064495
454115479
454400351
454409926
454546953
454565534
454592004
454781682
454841077
455193596
455202308
455206663
455248685
455402821
455471064
455737158
455949156
455952615
456002469
456026707
456068783
456194786
456214803
456342866
456353554
456516248
456690397
456772486
456845297
456930797
456965457
457007406
457114786
457445207
457457312
457504417
457775081
457876931
457941814
457953628
457962347
458032453
458207638
458582618
458774001
458809966
459048834
459213881
459217213
459262100
459413198
459503113
459534347
459555623
459738994
459845672
460052741
460232710
460262462
460315224
460371215
460420725
460483376
460546233
460762390
460802260
460874759
461020381
461041482
461084003
461119094
461143743
461239831
461465719
461480969
461483051
461664863
461794185
461934938
462161235
462247727
462356327
462509952
462525385
462527932
462556768
462559072
462606349
462619043
462816450
462833975
462874206
462904885
463079078
463174523
463365455
463448333
463542444
463705931
463712606
463875863
464147146
464214555
464234354
464601727
464700867
464708240
464850279
464889707
464946315
464970346
464994244
465004867
465311303
465441718
465496596
465645631
465647235
465725069
465824801
465869582
465873834
466281925
466331921
466415629
466434957
466524933
466626089
466872887
466891679
466892482
467075770
467088812
467104796
467163044
467507105
467514531
467584969
467664719
467744343
467984100
468124099
468166558
468195230
468199143
468307183
468319815
468480324
468510405
468785978
468919569
469212281
469219648
469511041
469757599
470166631
470168933
470211408
470476569
470614754
470627119
470741857
470804069
470967107
471199832
471265742
471422441
471435332
471444938
471609175
471844902
471870600
472299493
472371400
472371620
472418745
472436204
472684639
472785075
472824433
472996396
473010344
473096564
473373478
473525773
473534808
473605314
473653051
473734361
473791403
474164107
474236371
474274704
474410931
474425342
474684062
474768838
474937173
475094393
475232313
475283845
475333838
475619201
475752700
475861258
475879598
476024476
476125442
476144622
476527831
476528952
476532592
476628776
476634309
476664875
476704096
476728125
476825061
476829365
476847764
476930202
476961606
476970221
477030332
477046577
477309410
477551973
477575051
478245538
478403712
478681983
478826291
478972577
479084528
479153816
479244728
479499242
479546056
479634854
479675465
479749842
479838452
480178575
480403470
480420794
480591536
480831104
480861382
480981229
481111489
481187363
481273858
481366321
481509473
481531157
481559974
481618309
481638946
481643744
481752552
482094085
482138610
482188276
482338132
482509579
482586402
482728054
482840491
482895460
482923373
483026930
483108601
483545393
483625684
483762036
483784328
483802495
483884183
483886492
483901654
484086586
484315285
484515428
484665949
484712260
484804732
484963864
485208163
485407275
485433810
485541557
485825368
485848587
485881760
485898877
485913445
485952666
485981232
485983271
486248092
486553178
486564996
486691412
486887865
486962300
486995196
487048407
487329816
487501588
487648290
487688602
487799232
487863115
488208950
488248744
488302240
488547645
489026528
489081748
489142266
489347671
489669356
490126574
490333669
490374046
490380082
490402541
490435680
490467772
490488677
490690774
490699352
491047419
491075551
491398518
491576203
491695638
491799319
491970896
492056972
492099361
492153023
492222182
492333201
492353960
492378450
492592921
492923099
493077593
493144594
493198627
493466078
493678202
493739173
493970326
494447727
494539392
494798530
494904369
495390359
495446938
495572023
495628811
495737293
495762506
496011046
496167334
496285736
496333839
496355222
496359869
496395758
496511011
496513383
496535468
496536461
496643575
496715519
496719575
496977315
497113429
497253363
497355955
497433713
497731402
497787341
497855373
498021001
498044162
498170554
498289317
498537004
498688297
498788867
498992376
499152797
499199299
499219398
499329392
499501710
499678912
500206162
500250220
500465569
500501458
500508369
500547585
500564853
500745975
500791001
500818693
500903347
501003683
501281266
501295737
501529044
501746880
501824875
501842692
501896989
502003066
502034645
502050085
502115742
502150597
502384042
502418029
502430270
502566937
502604084
502935708
502949005
503316656
503470617
503482373
503501787
503516609
503593753
503995792
504011913
504440449
504457774
504497411
504536429
504679769
504838060
504854280
504920988
505007128
505197753
505226513
505230894
505247643
505277648
505304424
505421186
505478548
505483102
505538251
505542117
505705163
505726961
505847448
505886286
505953854
506250327
506278425
506368037
506651000
506693999
506906042
507182242
507301029
507306342
507630626
507808285
507853389
508011025
508136910
508167102
508198553
508239262
508408652
508526113
508536057
508750612
508792377
508804097
508911067
509062601
509127292
509201961
509279078
509322618
509328689
509351240
509479464
509526295
509579573
509627959
509910839
509968578
510087864
510159879
510217576
510257642
510363466
510368191
510374341
510705452
510822075
511023033
511089751
511230015
511474556
511532589
511567585
511746302
511917832
512058476
512396170
512403229
512440829
512524551
512651040
512855145
512927119
512941778
513060139
513229614
513300440
513303618
513336183
513342613
513389347
513484415
513523048
513551171
513571635
513631486
513642238
513679671
513695328
513815742
513828938
513877665
513978096
513991898
514132790
514139860
514182969
514304368
514491877
514492911
514861718
514943400
514968842
514971418
515046170
515064968
515068970
515132756
515357403
515517938
515666137
515910862
516118943
516209624
516246195
516290038
516449292
516533563
516575795
516584512
516795089
516872985
516978726
517194199
517229709
517279299
517394204
517405626
517647843
517714201
517998918
518027383
518044938
518278898
518384936
518426304
518496495
518895794
519321604
519351332
519359627
519494070
519540222
519578640
519666546
519881839
519924339
519946927
520148811
520180111
520250274
520308958
520375653
520385138
520685711
520735343
520736320
520941384
520957777
520960494
521201593
521655756
521671506
521747546
521753138
521787026
522030888
522144984
522193531
522226897
522309286
522317478
522607183
522889907
522919451
523004581
523124000
523126719
523267863
523320047
523391226
523425473
523485224
523811986
523839762
523974702
524390391
524620088
524696912
525228352
525531441
525603048
525610527
525664310
525689193
525717761
525906995
526005652
526108545
526183065
526307927
526443752
526525788
526549395
526981780
527090951
527099293
527148223
527160321
527212298
527286439
527350258
527405322
527484255
527502468
527526117
527972724
528078606
528157945
528184672
528201646
528328856
528365738
528562457
529278722
529300361
529354874
529377735
529434623
529477372
529679369
529749583
529820160
529888671
530009637
530231801
530278519
530279574
530313155
530444963
530508823
530529949
530539376
530541234
530581831
530631019
530786472
530881696
531077271
531116102
531216305
531620789
531729509
531762377
532123655
532136165
532197031
532264656
532339564
532647699
532904846
532943479
533283794
533290402
533307612
533382974
533506928
533766500
533809235
533947330
534035897
534101900
534108185
534236132
534294720
534321902
534758052
534869387
535008477
535651019
535706685
535743029
536107874
536110280
536165422
536181039
536353875
536388331
536487240
536552790
536583561
536975895
537071187
537214383
537370141
537795111
537806095
537849767
538182748
538299066
538369661
538593492
538778447
538912058
539068968
539072391
539138230
539222124
539244265
539247087
539317481
539320898
539655510
539665755
539887508
540205365
540256681
540377860
540569011
540596623
540630859
540644744
540715361
540843533
540862137
540888916
540912348
540929874
540980777
541077005
541263504
541272393
541410753
541611217
541676501
541679607
541799594
541803980
541827009
542242315
542279221
542340136
542436623
543078108
543094005
543131357
543154699
543320025
543635546
543685645
544072812
544118935
544298217
544321783
544428156
544492331
544552959
544692778
544817907
545075821
545269916
545429711
545479605
545821140
546094447
546263025
546315477
546376946
546381911
546409873
546506407
546530778
546622720
546630842
546679738
546760132
546884694
547070265
547152559
547167793
547169951
547316437
547516587
547533171
547579255
547621238
547630242
547847645
547869166
547897864
547992562
548169530
548184747
548267829
548615677
548707907
548757626
548871459
548888730
549011302
549135233
549222053
549327225
549585470
549602058
549642038
549646347
549760575
549826143
550024329
550170399
550174263
550236676
550257276
550577444
550779021
550783373
550829052
550889781
551020117
551404025
551470931
551720090
551976523
552161433
552271996
552513759
552523856
552704744
552924546
553039459
553162549
553254371
553286707
553305190
553349626
553368334
553386478
553391155
553489492
553536520
553586891
553617537
553723963
553867972
554100779
554102367
554136669
554267567
554293057
554679011
554838216
554886222
554981878
555145662
555201558
555390168
555435579
555525516
555903308
555936578
556025755
556111790
556237034
556354027
556406101
556777150
556931946
556944050
556966271
556974175
557006246
557091732
557101096
557385999
557426888
557457374
557664915
557915576
557930263
558028378
558046634
558119301
558261528
558455226
558570395
558646497
558649724
558930678
559048786
559108305
559193522
559322377
559569496
560004650
560188474
560232957
560249261
560406972
560456482
560551986
561018605
561192143
561239790
561385048
561483131
561514722
561523466
561524145
561613724
561656311
561668609
561743404
562307126
562309572
562377232
562494537
562532660
562580860
562614660
562660825
562772176
562798925
562889406
562893118
562927482
562928753
562948965
563076608
563092484
563296333
563334950
563422491
563432520
563531325
563563835
563759547
563952857
564136060
564139005
564294445
564345187
564484264
564577403
564688898
564696123
564794364
564826042
564926374
564940807
564943710
565103941
565151458
565303069
565533888
565612013
565737494
565779929
565858328
565882772
565974308
566123885
566255447
566262451
566264106
566300521
566347584
566348154
566382748
566594310
566636270
566768691
567241499
567270682
567290098
567388009
567452770
567837077
567905682
567908003
568039457
568073556
568130844
568360536
568590208
568618424
568626204
568702497
568936017
568958766
568998791
569153508
569390111
569402814
569454880
569485673
569708786
569824229
569877891
569895324
570016831
570048182
570134751
570269545
570325940
570336264
570379839
570423365
570440573
570602650
570630382
570661481
570828524
570901994
570918338
570980954
571342106
571379424
571396411
571427436
571796287
571860703
572081711
572094204
572265012
572359740
572883325
572912191
573245964
573303909
573317916
573488366
573502805
573616202
573626189
573729161
573990759
574008281
574011666
574027076
574048316
574211324
574425451
574607078
574800663
574880903
574904480
574922806
575080568
575147929
575246831
575351250
575525184
575540607
575595111
575728124
575834897
575854100
576134112
576198487
576229908
576310332
576466113
576638193
576678308
576949092
576978528
577167001
577304736
577362269
577473331
577556773
577574094
577681221
577714273
577952064
578003907
578377553
578386745
578420261
578428479
578622553
579037836
579089878
579092011
579190399
579242368
579510937
579843779
579952336
580112424
580147648
580867346
580961810
580993507
581112351
581139121
581254185
581362359
581465435
581521757
581539941
581655598
581817976
581889310
581890861
581938252
581979184
582020213
582106463
582290189
582816044
582830960
582835796
583038558
583155937
583206183
583394340
583403362
583434188
583495017
583526468
583578513
583611521
583687111
583729110
583903019
583978515
584082769
584226183
584240917
584371883
584393354
584547648
584575041
584775936
584915819
585088261
585114698
585152203
585155349
585210410
585241653
585249912
585404736
585429099
585474480
585500665
585511137
585655948
585659547
586008223
586242091
586277052
586290207
586338554
586394040
586410908
586801399
586828515
586963514
587094947
587460625
587517902
587700582
587706899
587734558
587761796
587885208
587888630
588051353
588316911
588331338
588363469
588441662
588483007
588615107
588638883
588717754
588741641
588742124
588808180
588864835
589133105
589159275
589283114
589360670
590116470
590307987
590333266
590468162
590471951
590534752
590541311
590565505
590601661
590632141
590689464
590707765
590750676
590802724
591099448
591207283
591216436
591438571
591523839
591646368
591865242
592021818
592093117
592258705
592410293
592418834
592441093
592522221
592565331
592753980
593122964
593232304
593234845
593266577
593301660
593449440
593553017
593772595
593772813
593806998
593838973
593957808
594215891
594371405
594414332
594428805
594435478
594464344
594495861
594516423
594660631
594712732
594746600
594755933
594921367
594982040
594982719
595076713
595215375
595383391
595521395
595546671
595607361
595643129
595940751
596046479
596078782
596187854
596296466
596424613
596573798
596597921
596617333
596809496
596848774
596923983
596940306
597138305
597241886
597329653
597465000
597602623
597812567
598012062
598013649
598237457
598257222
598266312
598382507
598434123
598807805
598873426
598996281
599009253
599019322
599214312
599327038
599416886
599474875
599659377
599713408
599750828
599935322
599946859
600238136
600292494
600310062
600895584
600957643
601057636
601180875
601192186
601211618
601341988
601433667
601434950
601462610
601512315
601685518
601833814
601840489
601867229
602029678
602048920
602088245
602166029
602303658
602662369
602688048
603012006
603316609
603366736
603469752
603515849
603522666
603648192
603718250
603758757
603762829
604311380
604389556
604598211
604598696
604600207
604693863
604803829
604981980
605023809
605049754
605075520
605220630
605435684
605448534
605469683
605517561
605520601
605532869
605573648
605750511
605774237
605793534
605815835
606358523
606360289
606424792
606773538
606805504
606879519
606929545
607145189
607170825
607245939
607262571
607268008
607274350
607416262
607538139
607710069
607749802
607966469
607969508
608004499
608242047
608283062
608365065
608384949
608410405
608658424
608671639
608671744
608996920
609179037
609404506
609472942
609476635
609550672
609562598
609698462
609913333
609921376
610079050
610165013
610181167
610203551
610322045
610433927
610468473
610520508
610682658
610721910
610968828
611055023
611073271
611112236
611196056
611311960
611867163
611917725
611927676
611943739
611963754
612261433
612455242
612545851
612878822
612899991
613098684
613245949
613280119
613482695
613506075
613689427
613702752
613789951
613916536
614222904
614237802
614401631
614450211
614603320
614698508
614699734
614988077
615075210
615461295
615589004
615844332
615949823
616040108
616082687
616106213
616313418
616334414
616352754
616428220
616482119
616502307
616586913
616702179
616737696
616741815
616747240
616873733
616904260
616905128
617085353
617198146
617240876
617259462
617331669
617412290
617550369
617584471
617680035
617733916
617737887
617772216
617968906
618009598
618045103
618274073
618276709
618467678
618553176
618621309
618649811
618650266
618746944
618793919
618913861
618923929
619070372
619088043
619100288
619202119
619254286
619323240
619385070
619523677
619638180
619753281
619869026
619956163
619996898
620050718
620139959
620161166
620357035
620651979
620700398
620779273
620836976
621033611
621339408
621352379
621458212
621565063
621629942
621657174
621684047
621810573
621869291
621930938
622127791
622268809
622312170
622343513
622534357
622541748
622792823
622819818
623044646
623070267
623130272
623175474
623229196
623235738
623275639
623279695
623298026
623406186
623539283
623625769
623731444
623775455
623776624
623838950
623991455
624014370
624177785
624246499
624281954
624301111
624482431
624482555
624596926
624810567
624825747
625071122
625144211
625277550
625446854
625763807
625884314
625888583
626010355
626016101
626189048
626248151
626255375
626344468
626368873
626429602
626679696
626909995
626944885
626982027
627260528
627354207
627570390
627954800
628029081
628120033
628231786
628278151
628754823
629008698
629010363
629058944
629093378
629210851
629409612
629540295
629545026
629849540
629963228
630195653
630504800
630555282
630680885
630776435
630844871
630918314
631215786
631309842
631335771
631361835
631611116
631883140
631897979
632280600
632288406
632409838
632430053
632467515
632864331
633011799
633069033
633096648
633351091
633427288
633436984
633682703
633898593
633927598
633959154
633982177
634020579
634050823
634307582
634351926
634370139
634583564
634592577
634613163
634657112
634800482
634993535
635032206
635160409
635162629
635276012
635499244
635525432
635689861
635752589
635824272
635836054
635851896
635878331
635890471
636045975
636086848
636105853
636212100
636271815
636355566
636471538
636525604
636551188
636566682
636572639
636636589
636819156
636843295
637151890
637263235
637278926
637362731
637431207
637501404
637611465
637654475
637794100
637898571
638010791
638155807
638230534
638741999
638996014
639021132
639105311
639433479
639960901
639961597
640022725
640043125
640110351
640118888
640362951
640730709
640775249
640822702
640902226
640920875
641315464
641430675
641529962
641614606
641723385
641808618
641947751
641974701
642051677
642190232
642200671
642315437
642389429
642485751
642526357
642539864
642547599
642635428
642854772
642861194
642922069
642988496
643000064
643097765
643208329
643647240
643697357
643751839
643811140
644170606
644258510
644300141
644426285
644433353
644500095
645038813
645061154
645125885
645440421
645450178
645460839
645723940
645785561
645888360
646053112
646070460
646247624
646410847
646503030
646576543
646665359
647000982
647198928
647283599
647290483
647537029
647727718
647809131
647836017
647836252
647891987
647908989
648053353
648068031
648096425
648144915
648187392
648194678
648397332
648467731
648653439
648736518
648872596
648894873
648899016
648918532
648944248
649295763
649560134
649698719
649907389
649976899
650083317
650112909
650178675
650232337
650285087
650602698
650648539
650753638
650797875
650855703
651035460
651104465
651303024
651304240
651399135
651474422
651681701
651767235
651816050
651903327
651990495
652116554
652258644
652396940
652450871
652571843
652576353
652658720
652782036
652850935
652884146
652891748
652924260
652924835
652939883
653209393
653354313
653518774
653613032
653650022
653667449
653680995
653866874
653906357
654032647
654038681
654127308
654211673
654323730
654373995
654437190
654700297
654709982
654751416
654832768
654934218
655090380
655098062
655141623
655197614
655246864
655619185
655793708
656202726
656344527
656348216
656358850
656467188
656742550
656818665
656850309
657048898
657469912
657474785
657620741
657672000
657679592
657696114
657802028
657990060
658126585
658128873
658200454
658237216
658267969
658325537
658475408
658533304
658552133
658654346
658782848
658829096
658830071
658855895
658939304
659025408
659061942
659207516
659310541
659440247
659529207
659619252
659827064
659848071
659890477
659913151
659958634
660055968
660097848
660132351
660310325
660326303
660393524
660488266
660488929
660744430
660796687
660834193
660856959
660908977
660987895
660995430
661012961
661033526
661138475
661264744
661420824
661425719
661608634
661682460
661773978
661875883
661892560
661963139
661968854
661984226
662131889
662148347
662485814
662519540
662523801
662745109
662854436
662858406
662892495
663201577
663411670
663593766
663678000
663796419
663822049
663832056
664253411
664359041
664569408
664577591
664639102
664676063
664712841
664799270
664832096
664849711
664858766
664970441
665118542
665269987
665315929
665329337
665401082
665573878
665690220
665764622
665797237
665841886
665936538
665955858
666153105
666203043
666271563
666419898
666431749
666486247
666636803
666712054
666718866
666997916
667256808
667368679
667402817
667408001
667468209
667492599
667529605
667852621
667962534
667971420
668015665
668067697
668107722
668190743
668206540
668255580
668289097
668430483
668515849
668644819
668734697
669122714
669164566
669223491
669301793
669424173
669577882
669598147
669612445
669647775
669724421
669952155
669995603
670017173
670017595
670071972
670148275
670273465
670457806
670477474
670479219
670519351
670571533
670613426
670701470
670755080
670799613
670836651
671164627
671227202
671266961
671332906
671462320
671533768
671578829
671645731
671687902
671723242
671779916
671857858
671880121
671954594
671984955
672021349
672116447
672187133
672629564
672690838
672703664
672766219
672914573
673235861
673467240
673506111
673568330
673608113
673628695
673649739
673738827
673739233
673868497
673968487
674650065
674784881
674861161
674902776
674902906
674922858
674953983
675246618
675328257
675574874
675577327
675954898
675989098
676164866
676188721
676294508
676401899
676557222
676618778
676824875
676887998
676988932
677221348
677525098
677656427
677811465
677883083
677923340
677977057
678049078
678082422
678097591
678144435
678165631
678351307
678404400
678509694
678709099
678778555
678794850
678849860
678899483
678985683
679004025
679320511
679481576
679484270
679921362
680098446
680141993
680401752
680438270
680566573
680652785
680794992
680928988
681025933
681135269
681200831
681220325
681232832
681342835
681399119
681421524
681463964
681638386
681650030
681707144
682085326
682116517
682187232
682199586
682407928
682500285
682680249
682728682
682967343
683060410
683089017
683295317
683573035
683701323
683707032
683737673
683758823
683810977
683880603
684054977
684325763
684329708
684362336
684773386
684878633
684930131
685410872
685487543
685540060
685560980
685620949
685720082
685738106
685741674
685872866
685928343
685961119
686035177
686137134
686331540
686441755
686446652
686768626
686949000
687072813
687206061
687541620
687736333
687770517
687818111
687867099
687990678
688207003
688415447
688688007
688720006
688753306
688854904
688962824
689023025
689036660
689138363
689152074
689166588
689334421
689553549
689613991
689664032
689803723
690151305
690181727
690202965
690394171
690419878
690635596
690765566
690802272
690807493
690893228
690904721
691107165
691147590
691161678
691172234
691193198
691335638
691712088
691862166
691870792
691887092
691923725
692009839
692071464
692149302
692371831
692478535
692583615
692936967
693218180
694129764
694294161
694370406
694416195
694515479
694709898
694941276
694948341
695025721
695213986
695243979
695309946
695391523
695519501
695540744
695610874
696148863
696234354
696634117
696636481
696714094
696741949
696987333
697036054
697291033
697291444
697347405
697348516
697366500
697567283
697721864
697823926
697928136
697995427
698042135
698066341
698108542
698186919
698198828
698204416
698313673
698406014
698438354
698465936
698828305
698919711
698929372
699067929
699092108
699200604
699253337
699303155
699439203
699560418
699749718
699782108
699893831
700061376
700641196
700692554
700755859
700966185
700981350
701060448
701300667
701330191
701409995
701415079
701519349
701572802
701743705
701862747
701925552
701998744
702079242
702111498
702189895
702258049
702268300
702307477
702332877
702362897
702510132
702513091
702544109
703048333
703168698
703271832
703283929
703338374
703404603
703591885
703615042
703676218
703755860
704152171
704200695
704362415
704363401
704595727
705328464
705362415
705384295
705415082
705500476
705595431
705640263
705645632
705756556
705758217
705796295
705857613
705887104
706034174
706121320
706184528
706274377
706313348
706327419
706484315
707094380
707154770
707226926
707353434
707376726
707398915
707415792
707481804
707555621
707712003
707851541
707912644
708166636
708182556
708366725
708443540
708449797
708714904
708788064
708821660
709010640
709017699
709056000
709057445
709060046
709134893
709321746
709383809
709621004
709705455
709752654
710267428
710432741
710658268
710846365
711132046
711133592
711385956
711449622
711508964
711612301
711664211
711890702
711897063
711924492
711955940
712076606
712170225
712480708
712827144
713009784
713112463
713336877
713457356
713654790
713672562
713703046
713752173
713771204
713779967
713953547
713982794
714113443
714133709
714170832
714172423
714211449
714235131
714375066
714384022
714403072
714406557
714445478
714518879
714759277
714818280
714855010
714920513
715013820
715088940
715164338
715232359
715387681
715667370
715748742
715757244
715779804
715780575
715974259
716160963
716173009
716290498
716298517
716575972
716671852
716696559
716699185
716763735
716787227
717005135
717030775
717047159
717190422
717369510
717553439
717616167
717774067
717893285
718031602
718234370
718283002
718433729
718630285
718639751
718717252
719317771
719333165
719342897
719385196
719492937
719616584
719685912
719869308
719929945
720099407
720329772
720392521
720408571
720541656
720775172
720851822
720859212
720871107
721194380
721388165
721606677
721643596
721711356
721723424
721895438
721964587
722189666
722256572
722278716
722313262
722386971
722460838
722538971
722560176
722660088
722674319
722768798
722851689
723202365
723539902
723609311
723808867
723816828
723873731
723897572
724364089
724427708
724609368
724615066
724628973
724742892
724764438
724832714
724846757
724929723
724956900
725001429
725041335
725042512
725404551
725597370
725834297
725867382
726024950
726081456
726096551
726214557
726311540
726451850
726716946
726821632
727046189
727113479
727173942
727290964
727364320
727399105
727492273
727514593
727561227
727680138
727799759
727828192
727838968
727905110
727991513
728094892
728096975
728130366
728153680
728170009
728304372
728736226
728804306
728857476
728892442
729140667
729201568
729271417
729449347
729451597
729554227
729667513
729714910
729758243
729836137
729914495
730050997
730182101
730492920
730661537
730720311
730766285
730821653
731305099
731467959
731594160
731615160
731626595
731632363
731642832
731876845
732004878
732022254
732171196
732194245
732217272
732509692
732560458
732572571
732859555
733113040
733220924
733246332
733378076
733466756
733527589
733534189
733538759
733646437
733721062
733759650
733766250
733847861
734279683
734456386
734545351
734725879
734739836
735016647
735019728
735093870
735124822
735135028
735413735
735529113
735654843
735761482
735944094
736065834
736513449
736545799
736762772
736775321
736875355
736887204
737042648
737162571
737333399
737402976
737416760
737946550
738025429
738272845
738374507
738465510
738615859
738759869
738885256
739007622
739039699
739042392
739136515
739156043
739328729
739576280
739749759
739773305
739856275
739936078
740155864
740255240
740265731
740325005
740344939
740349477
740352352
740373618
740452618
740534547
740630267
740654216
740830669
741034531
741182785
741234726
741441977
741579627
741660993
741722662
741765286
741912079
741922276
742003822
742058614
742060723
742089118
742150837
742334756
742402286
742817467
742982310
743031564
743049416
743203747
743206188
743321290
743535289
743914235
744026084
744037047
744116440
744416740
744605302
744626511
744846847
744903906
745004978
745016310
745247787
745304536
745660072
745796073
745842376
745911686
745964475
746043174
746129660
746138277
746174676
746213186
746387844
746544317
746758053
747025938
747050267
747083497
747148591
747337973
747382114
747425803
747823825
747834232
747961587
747980280
748111079
748143753
748202740
748235335
748381631
748526373
748541853
748559605
748571313
748688335
748763826
748817511
748934066
749028767
749206654
749237943
749250057
749261711
749412423
749508963
749526090
749616223
749638451
749877566
750094910
750169695
750418041
750491393
750521539
750536368
750558147
750674843
750755562
750820411
750855639
751010853
751082028
751242190
751377391
751400824
751524453
751570374
751576865
751640017
752272971
752340873
752595085
752969439
752993597
753069779
753111456
753522265
753536244
753566126
753571441
753595723
753639572
753943459
754003294
754161076
754185028
754188079
754302299
754304930
754444901
754456950
754528357
754559414
754622603
755029905
755033442
755164845
755258953
755384018
755406254
755482033
755706550
755764875
756024315
756067880
756130657
756392238
756589850
756599007
756644336
756787047
756836425
756942226
757105922
757211537
757327817
757337036
757566107
757589201
757661391
757763908
757777765
757988768
758075831
758188880
758304617
758357233
758383315
758422329
758422334
758427997
758722465
758732191
758810384
758899824
758911938
758920092
758935001
758957459
758987856
759077363
759212573
759383797
759536606
759656976
760014324
760192379
760431175
760463517
760576917
760587542
760614307
760818827
760877339
761118939
761214292
761353052
761649216
761771273
761920438
762008852
762026627
762125119
762303035
762617457
762746835
762999872
763105680
763120080
763335599
763421186
763441205
763505863
763582400
763594576
763733316
763747447
763816734
763903503
763971629
763975918
763996218
764191916
764281796
764330653
764481415
764741658
764901503
765011379
765091209
765251435
765315042
765477476
765524650
765550577
765630324
765742287
765807253
765851310
765975172
766136608
766213530
766343828
766444182
766691532
766803275
766840734
766847225
766939174
767322403
767488867
767561368
767618166
767705851
767873580
768077468
768314332
768600457
768727089
768749805
768893228
768907015
769088479
769215234
769299207
769315340
769322477
769534325
769599614
769767373
769780674
770004715
770078539
770108650
770179971
770273155
770276934
770583326
770761378
770837673
770850300
771049782
771114711
771167743
771309490
771511111
771513229
771795581
771849212
771986138
772027030
772151984
772326746
772388541
772404332
772503950
772671916
772742864
772839455
772877643
773048790
773056776
773087218
773119043
773159990
773219541
773415963
773612421
773762398
773925155
774167888
774198801
774199786
774205977
774362051
774425881
774474272
774930626
775005102
775037598
775057353
775208116
775210398
775472154
775609517
775666083
775685387
775714552
775731817
775735330
775737910
775748758
775844724
775882896
776171456
776299152
776465913
776533893
776592701
776708562
776776661
776813334
776815890
777178404
777338672
777425235
777478449
777492431
777667699
777728900
777777711
777922588
778005128
778018645
778371352
778456130
778580203
778902027
778937410
779199416
779354680
779461951
779465923
779631799
779655264
779655482
779836086
779892116
779919123
779933691
780092646
780590496
780603991
780625833
780866040
781083933
781098587
781103364
781204553
781438166
781590592
781766990
781877892
781884600
781931927
781980145
782261340
782361498
782478676
782517679
782682098
782811617
782916906
782918119
782981348
782990287
783138348
783152456
783303715
783430773
783434016
783440520
783757556
783825129
784018440
784126022
784409686
784453712
784580221
784597711
784598096
784872432
785018609
785064982
785065362
785234620
785319116
785348456
785534911
785882076
785922648
786094924
786199746
786224920
786269643
786298754
786450940
786461861
786664255
786699298
786806683
786880001
787100369
787250411
787274385
787519333
787534761
787642742
787654407
787748942
787942878
787982545
788097181
788148637
788472422
788476591
788518325
788550067
788566856
788567195
788601916
788605190
788798523
789161253
789174512
789214050
789459834
789672908
789737043
789741247
789774336
789843361
790005516
790174542
790192374
790248623
790296422
790310670
790475868
790641183
790702496
790775561
790815431
791099731
791353838
791399543
791535495
791745215
791793371
791809511
791936859
792417978
792534718
792706199
792975841
792996263
793318708
793331752
793400681
793479705
793508867
793611560
793719474
793866238
794169128
794477521
794619399
794712162
794746667
794757052
794782901
794842198
794938728
795176806
795235597
795261236
795274234
795405358
795410742
795505343
795632015
795742049
795830135
795831336
795839051
795839805
795963424
795967112
796088067
796449292
796454240
796840758
796944804
797144883
797312392
797493023
797556308
797557796
797611744
797611980
797686649
797691789
797740045
797768108
797768701
797862223
797940297
797961832
798000945
798250137
798251237
798252044
798414008
798621914
798881619
798902731
798905343
798912907
798946783
799231853
799352174
799441609
799445650
799562348
799622506
799631032
799696979
799730799
799761464
799802429
799824328
799930582
799987326
800228537
800268090
800484882
800553325
800577521
800728337
800839324
801204722
801300581
801360703
801379197
801420764
801434250
801734772
801807804
801965654
802163474
802242102
802416269
802651131
802749203
802852093
802879237
802924576
803011123
803079343
803084782
803156695
803187812
803361670
803446428
803633332
803745142
803756177
803823791
803929667
804083180
804121679
804225594
804788356
804829657
804834342
804835544
805010451
805111300
805135631
805139801
805162340
805266746
805329163
805383360
805482246
805620645
805741586
805805305
806159530
806210932
806498154
806701751
806957179
807079770
807106280
807304889
807320272
807344383
807415918
807467414
807683409
807701419
807755313
807763802
807973957
808282354
808683273
808724314
808799309
809079419
809119662
809338311
809468222
809479341
809534977
809665920
810007728
810062545
810184176
810248721
810291090
810352584
810434773
810898093
811004403
811096684
811120724
811378966
811407232
811769471
811773644
812159337
812483334
812505425
812520665
812570886
812689081
812848361
812865460
813093629
813115061
813132515
813191846
813334810
813344143
813357464
813485137
813645071
813765728
813840778
814084602
814128537
814267733
814281618
814349522
814369101
814430635
814439849
814454914
814490170
814556797
814599378
814679890
814843911
814973599
814975736
814983389
814988228
815238787
815242620
815737030
815772305
815876999
815919984
816529534
816649083
816651164
816905481
816939750
817498474
817593407
817597031
817798096
817955501
817980254
818121543
818168706
818262585
818365438
818405245
818709904
818773392
818938244
819005559
819420904
819580450
819589741
819654629
819760681
819845442
820029054
820063007
820065551
820119071
820132242
820137053
820172755
820177690
820226950
820326629
820376182
820994416
821054142
821194507
821385254
821514335
821558366
821573319
821597499
821616283
821809173
821815276
821875632
821936763
822055094
822324560
822526869
822764288
822782780
822807297
823151506
823220536
823332320
823647136
823802387
823829682
823932204
824005879
824105249
824233239
824484975
824501800
824541016
824566837
824961394
825086256
825180037
825191507
825200454
825204068
825225473
825250361
825268345
825496066
825587718
825713034
825729344
825749316
826023867
826044181
826191926
826391114
826414856
826423092
826441157
826442111
826680217
826683854
826729747
826956650
827182678
827272612
827603246
827659664
827714788
827992937
828388680
828398770
828398928
828935639
828998499
829486824
829882755
829942397
829960308
829997599
830179389
830416637
830697807
830851397
830905412
830906549
830937846
830944604
831108565
831235676
831250484
831409318
831609991
831686215
831756607
831772837
831890738
831895392
831918390
831954623
832131997
832136684
832172266
832206622
832213197
832270269
832300482
832325509
832528676
832608896
832733766
832777998
832821487
832951295
833107067
833118560
833144643
833333000
833422633
833569680
833625647
833640761
833824359
834197626
834413986
834454708
834589086
834711429
834948595
835088236
835209085
835570267
835585193
835594566
835739212
835775390
835959642
836004757
836155503
836218826
836237381
836251188
836279988
836328268
836399894
836633947
836648865
836657817
836733578
836799078
836914626
836915720
836953264
836972039
837053294
837127845
837250362
837280350
837439649
837567158
837620607
837823084
837864850
837897311
837942997
838008495
838146120
838166713
838376797
838395100
838469225
838480302
838603035
838811110
838898062
838926698
838939438
839187660
839225789
839247050
839428819
839515106
839575573
839720723
839781713
839799680
839860335
839900380
840054359
840055614
840147415
840156162
840180196
840453744
840663187
840846822
840858723
840861229
841068365
841098816
841725692
841791946
841902531
842001975
842171473
842228821
842388187
842487880
842637806
842772750
842825047
843129113
843195907
843253464
843362080
843504364
843506077
843645442
843686117
843831366
843841960
843966772
844016738
844221747
844425522
844505007
844547867
844767913
844916890
845115434
845153781
845161982
845237383
845491761
845590510
845642871
845779765
846006226
846062445
846118382
846261260
846273277
846329703
846449394
846472820
846511037
846590340
846653282
846676706
846689499
846822606
846827088
846882984
847062606
847069523
847177913
847197762
847305212
847525940
847583108
847585271
847590630
847625353
847946719
847961253
847978184
848000297
848076065
848086233
848352043
848355276
848467690
848571042
848685093
848834461
848910176
849127651
849332676
849470512
849504394
849600961
849689192
849907423
849925508
849996603
850038800
850041135
850106198
850141591
850199159
850228652
850298362
850306026
850311181
850360842
850381129
850523827
850571133
850724939
850760182
850767423
851174962
851207258
851233200
851338601
851436550
851496127
851498018
851579129
851726764
851799735
851898814
851919473
852036258
852190264
852303187
852308575
852388376
852443627
852458676
852478432
852529165
852530076
852591170
852804572
852865500
852949259
853203566
853288773
853358169
853570308
853639612
854125900
854383713
854415938
854534139
854545213
854742391
854825031
854852556
855033251
855053448
855093674
855151735
855158219
855382032
855425341
855575362
855934403
855979258
855989135
856087297
856185245
856209940
856329327
856679287
856866811
856921475
856934732
856949623
856966035
856972212
857236103
857416341
857468821
857595751
857935158
857980237
858041195
858087193
858108699
858229091
858254254
858348808
858357778
858546446
858742265
858860369
858932994
858994606
859056857
859233291
859252337
859319038
859348274
859412000
859594753
859754596
859780013
859848072
859869895
860241036
860336937
860408245
860517834
860538427
860541375
860693207
860738608
860777028
860784337
860933792
860976647
861293694
861432855
861446803
861482902
861526272
861660972
861731394
861795825
862049820
862179006
862280621
862341398
862376890
862508682
862613062
862722367
862806069
862808360
862819424
862861173
862905530
862954337
862988758
863143004
863205351
863280156
863321866
863420798
863500086
863536729
863576464
863603150
863614677
863721698
863934295
863982892
864117090
864362167
864373187
864531132
864584478
864617008
864665600
864697821
864718892
864771376
864876358
865065591
865113801
865197184
865563162
865621268
865709214
865756197
865792452
865950707
865996905
866084425
866091125
866103724
866104412
866441754
866741604
866865371
866909388
867039339
867069854
867203407
867293659
867384990
867437511
867513896
867563972
867761838
867811681
867976160
868016170
868208099
868213355
868371718
868391929
868466704
868551938
868931671
868955164
868992859
869009866
869070863
869125296
869136842
869180369
869185012
869217308
869275165
869459288
869628639
870123700
870141019
870348392
870445076
870508890
870540468
870553742
870562384
870564190
870575158
870592959
870613734
870885373
870907628
871135245
871272822
871277152
871432057
871440717
871593560
871733004
871753280
871835402
872025499
872072040
872095845
872096467
872561867
872684741
872792962
873151999
873201319
873276045
873504912
873573938
873644645
873644668
873853767
874050561
874109097
874263449
874310516
874554276
874627330
874656390
874694502
874904528
875148244
875281722
875435798
875541637
875559706
875660773
875685258
875858381
875883180
875906835
875965713
875992407
876070889
876118452
876205804
876377734
876431968
876620659
876802230
876874647
876915512
876962647
877026809
877047398
877056625
877084608
877202177
877224106
877267621
877443415
877779346
877784695
877822329
877867025
877946929
878222991
878384094
878447750
878500838
878548651
878608965
878724343
878807323
879401726
879404210
879456851
879507742
879756984
879793144
880062614
880159825
880248184
880272367
880315419
880426885
880528286
880535296
880551043
880769280
880937062
880955906
881029164
881522060
881708497
881746071
881858246
882066152
882140943
882216847
882372280
882774138
882785655
882811026
882841581
882876461
883032536
883325612
883326900
883372544
883507887
883566901
883637758
884082893
884111169
884346502
884446474
884463554
884624513
884652647
884660879
884757475
884785768
884797176
884950302
885327166
885354108
885412981
885449279
885473451
885566328
885788869
885988709
886712813
887007405
887101355
887153038
887268888
887586028
887634681
887675351
887919477
888086578
888098896
888170231
888355949
888551130
888656805
888679586
888728870
888919120
888981187
889030182
889248547
889481195
889739723
889783150
889914608
889973299
890170305
890325100
890518912
890546109
890586213
890599795
890609399
890892071
890937624
891014741
891107216
891348085
891588621
891773375
891783550
891789486
891918785
891941702
891953899
892053142
892058320
892066925
892139553
892206665
892208956
892227362
892325826
892382160
892430390
892518148
892573860
892575516
892589288
892699698
892728906
892879301
893002085
893174154
893197816
893215774
893306251
893868692
894064360
894309179
894392127
894511112
894815356
894866227
894975757
894979851
895230683
895817837
895830386
895958180
896001647
896288385
896369850
896547609
896553508
896592136
896625677
896834171
896880940
897186598
897190396
897224030
897250429
897594459
897855557
897888581
897921343
898093468
898146495
898498529
898576657
898851835
898872323
898947899
899033496
899172887
899224932
899335079
899469443
899489347
899951623
900097220
900147293
900147784
900201229
900229785
900300894
900629903
900776986
900939472
901159673
901378480
901559821
901826958
901855819
902171150
902218516
902230896
902382331
902519048
902525863
902575007
902655368
902710621
902770651
902803173
902988990
903175625
903317934
903360594
903438691
903509022
903514207
903609015
903894164
903982038
904005918
904113053
904676248
904943103
905069827
905089908
905111302
905417631
905594410
905639594
905899446
905930441
905957760
905959498
906008282
906113736
906195833
906325079
906330207
906789911
906794969
906965530
907054849
907191116
907307455
907393535
907464767
907569576
907580157
907666799
907903907
908082970
908319238
908444206
908515670
908544107
908565595
908762482
908783856
908933373
909084928
909397281
909568360
909607474
909700706
909863240
910311550
910374123
910412017
910535303
910548648
910578766
910706771
910843592
910849218
911029593
911135689
911264112
911279494
911288114
911351543
911433788
911446263
911536184
911547998
911584280
911665068
911998977
912081502
912251577
912297455
912368928
912370265
912378920
912450922
912504686
912520459
912551320
912578647
912609161
912655506
912811717
912864335
913039432
913163047
913198488
913234348
913438667
913541185
913565573
913569852
913582937
913704602
913732232
913781140
913783373
913802079
913837901
913871770
913910672
913960021
914185203
914210575
914243685
914274652
914289686
914319507
914500388
914592040
914608830
914610722
914635272
914692255
914834087
914867721
914995125
915138479
915220068
915245196
915388320
915445436
915579541
915780933
915782976
915960707
916007580
916080439
916193190
916408514
916512782
916558047
916591441
916607383
916676011
916683734
916778766
916828490
916955965
917036292
917084383
917131297
917376630
917474617
917609691
917693252
917726539
917863009
917946721
918098003
918166969
918277825
918347792
918400254
918589112
918673934
918846742
918863422
918865172
918877874
919158357
919187086
919264018
919289538
919498102
919619461
919670641
919682348
919702457
919746637
919839937
919874290
919903773
919941788
919972124
920060726
920138584
920148157
920260274
920331708
920475643
920933145
921097340
921104833
921337171
921451764
921600696
921676392
921799502
921956289
922000502
922215349
922296815
922420042
922438523
922445652
922463611
922485881
922592987
922627424
922635296
922706750
922766993
922958495
922967448
922984368
923059863
923069566
923086018
923135331
923535296
923680263
923768787
923889015
923929813
923997662
924011672
924625918
924632624
924828969
924893524
924921728
925186961
925323259
925412100
925441771
925784873
925838269
925855320
925998095
926166049
926202860
926256202
926377048
926382515
926390489
926580600
926803903
926811058
926875656
927019549
927047350
927119784
927247274
927453478
927494187
927524652
927566614
927769142
927870053
927925888
928119391
928131280
928271244
928340058
928358291
928423663
928786662
928958253
928959896
929063263
929128687
929160424
929211812
929487094
929791218
929994006
930237936
930354076
930447341
930898764
931011025
931158030
931312263
931397345
931528599
931636087
931698293
931705694
931882575
931963273
931975208
931996369
932012611
932023035
932194597
932253485
932514519
932566758
932737282
932759268
932997018
933044755
933046669
933212450
933344242
933394299
933436018
933669201
933842339
933857585
934168923
934319633
934336413
934608679
934629542
935165514
935436062
935445108
935532274
935533403
935621306
935741844
935852149
935910489
936120641
936271582
936744529
936844117
936845152
936978733
937051378
937141488
937439277
937459965
937594251
937794665
937844258
937946431
937973985
938032691
938213982
938405193
938522487
938545087
938554391
938719404
938746990
938823174
938866088
938946433
939034830
939305649
939382648
939385306
939589967
939662471
939751090
939752062
939916384
940032462
940048945
940279902
940433459
940443752
940611520
940841468
940867873
941086305
941105605
941217149
941397089
941484156
941493502
941510605
941922522
941981219
942027989
942262254
942508974
942531808
942546453
942551597
942565566
942567586
942714076
942991920
943017981
943051987
943076691
943170223
943246208
943422719
943524412
943746846
943903840
943976702
944015547
944091623
944225438
944310190
944512483
944780868
944824029
944834009
944875858
945152794
945333435
945431889
945509670
945613298
945643297
945773716
945925299
946131291
946248934
946307787
946331178
946492812
946533143
946857705
947133984
947172659
947489239
947620577
947657175
947681103
947741569
947760814
947935306
948061437
948167505
948397068
948468827
948743534
948834107
948850827
948899501
948987281
949101063
949182677
949301007
949361675
949381681
949435832
949548458
949661080
949794540
949969475
950075820
950171526
950203791
950226449
950300211
950434972
950489576
950679429
950715664
950888858
951062723
951070147
951128274
951212649
951225634
951280495
951306010
951365579
951590617
951691147
951767854
952156510
952207930
952209849
952218825
952515728
952519367
952575445
952728179
952731023
953306768
953462336
953509870
953583504
953690635
953692877
953725566
953840079
953956963
953986594
954126016
954126354
954228734
954560037
954583427
954617377
954672672
954736353
954753116
954941165
954966535
955184434
955525014
956064879
956171359
956238920
956408125
956511562
956650679
956844597
956947270
956982820
957047195
957255332
957596419
957776085
957821239
958339227
958413811
958429225
958641266
958705708
959094460
959175067
959297106
959314260
959342950
959372301
959462181
959490256
959527674
959600804
959604376
959607167
959849414
959895758
960002723
960071583
960174773
960355664
960458732
960469986
961107131
961350268
961374986
961375247
961445368
961458980
961593368
961740339
961760299
961848183
961968293
962537514
962550054
962563011
962735510
962754565
962841608
962927104
962989500
963127448
963132458
963506698
963621214
963651800
963702629
964217155
964247197
964262096
964414215
964548556
964559319
964676504
964694869
964832938
965076162
965106226
965226136
965233340
965366838
965569987
965680779
965684932
965787682
965791966
965903406
966047950
966168696
966570669
966699433
966776369
966981033
967019978
967135637
967282978
967399884
967519384
967538564
967586995
967605656
967727724
967767271
967899941
967923624
968100845
968268735
968433987
968511960
968653430
968752894
968800183
968853847
968898349
968971956
969086662
969148879
969343343
969344829
969354745
969419557
969460556
969494740
969543348
969834170
969885821
969948420
970049718
970161858
970162165
970172947
970312462
970669653
970868009
970909913
970927547
970930019
970969570
971271248
971284510
971365143
971366895
971389414
971437474
971504454
971550386
971555191
971627618
971778655
971940808
971950946
972162877
972212516
972254516
972332913
972337148
972427926
972548710
972607133
972732229
972788848
972859525
972911476
972995081
973052754
973072650
973164547
973236358
973244697
973443735
973447721
973520855
973746322
973770769
973896018
973910452
974004932
974087792
974357246
974401560
974422995
974508645
974645753
974657534
974761439
974867125
974961956
974991799
975012076
975143738
975211679
975290491
975402952
975403723
975537875
975612535
975713163
975746539
975808125
975826093
975860169
975890254
975921750
975952685
976034737
976062468
976234086
976267314
976280388
976347564
976576147
976737150
976785019
976831748
976879906
976937407
977101024
977179555
977313959
977412019
977493121
977608982
977717364
977764552
977854022
977865314
978055919
978079611
978094900
978147373
978250831
978272632
978534647
978557953
978748796
978907032
978984098
979066405
979072453
979204315
979286507
979320508
979351338
979359536
979494643
979710323
979817913
980198497
980207066
980346913
980484956
980575301
980811878
980886453
981060080
981076003
981117848
981155305
981177669
981345767
981486723
981598136
981667392
981671185
981857815
981900057
982468904
982604206
982734509
983066195
983202546
983294863
983304541
983323884
983427092
983539956
983595156
983598247
983696340
983704456
983717697
983764639
983915211
984066182
984080414
984096556
984220510
984533675
984563743
984610408
984660735
984859563
984943404
985127257
985152735
985189825
985195777
985249032
985297771
985314806
985403882
985457368
985515864
985750487
985829614
986081362
986147518
986286226
986634476
986693642
986810988
986938448
987197782
987275609
987454450
987596969
987597870
987706554
987855495
987881363
987951862
987962213
988275588
988302980
988404090
988468971
988583243
988595655
988701045
988762597
988836388
989692783
989802928
989871981
989880987
990205572
990247298
990284099
990304059
990344744
990357636
990495856
990498699
990509585
990812922
990824047
990855792
990901314
991018101
991051007
991055326
991595986
991792556
991912697
991942014
991950296
992168414
992229080
992232306
992255404
992430989
992459082
992684538
992993701
993142470
993254495
993534508
993541235
993675777
993860405
994066815
994117494
994149999
994340326
994399471
994572808
994598019
994633378
994868263
994972564
995241877
995243556
995400170
995556230
995556567
995704451
995986826
996589961
996694902
996831770
996843554
996960115
997133086
997396636
997486457
997589853
997595116
997985697
998008479
998030390
998262522
998519755
998526904
998927657
999001214
999083921
999145268
999162722
999166073
999216392
999242691
999387490
999437352
999573942
999677730
