100
1976126
2335429
13392690
21442057
25956846
40117404
79831175
80086682
84447944
89084720
93411472
95801116
100584353
101132858
137715116
140310767
150232653
162927403
176297151
176511616
189299432
193609856
205661334
225798689
235299989
249458487
250291519
264060262
288539773
290410842
303678130
312903356
321834888
322166690
387923676
401666064
432265631
437925753
441272123
443557267
460315224
468195230
468510405
472371620
473010344
474684062
478826291
496643575
530508823
534321902
546263025
546679738
562798925
566262451
574048316
575728124
600310062
607245939
613702752
614222904
616747240
621565063
629058944
634800482
637611465
640043125
667962534
668206540
673628695
683737673
685560980
699200604
709705455
717030775
722278716
722560176
723539902
729451597
736775321
754188079
763421186
771986138
781098587
783434016
783757556
807344383
836915720
858357778
860693207
910412017
941217149
951225634
959849414
962754565
963651800
964676504
973447721
987951862
990498699
990824047
