1000
1406148
1425302
1834756
2328766
2439641
2521273
3997473
4029445
5145225
6572648
6926625
6945325
7295623
7528169
7689253
8049705
8320073
8787767
9091732
9622874
10574509
10719555
11535008
11789529
12103719
12192284
13690840
14714584
15394487
15451103
17530088
18015365
19077293
19078183
19108413
20514555
20897919
21528649
21809642
22034223
22781776
22950656
22986354
23236085
23422332
24061238
24355699
24424222
25011740
25097235
25536045
26615979
27548445
27559348
29061594
29680523
30210496
30471029
33842307
33979726
34558591
34833487
34990472
36039310
37213857
37572649
37751680
39544014
39778236
40106468
40659408
41764725
42149964
42748737
43188326
43593475
43656571
44712987
45019965
45838621
47345575
48253579
48511146
48755565
49624328
49650473
49941942
50690054
50740540
53054244
54414189
54441964
55182507
56740689
57535019
58436094
58777520
58894725
59745595
59890248
60065379
60144745
60262104
60652167
61099215
61394749
62125434
62833669
63030627
64215344
64749181
65616371
66717516
67495822
68100660
71196834
71320172
72050998
72519347
73368933
74000979
74297641
74556143
74857817
75759254
77068113
78229955
79838769
80320621
81507994
83803634
84876734
84996145
85575956
86983621
89140266
91129182
91187028
91872797
92335930
92506042
94082341
95018353
95524339
95878160
97218985
97657461
98112954
98394576
100089685
100311533
100348052
101401436
101408795
101736457
101890723
102331143
102378108
103471549
103561434
104874752
106768134
107313663
107751226
107828616
109067343
109425406
109604047
110613683
110927312
111011655
111120301
111446015
111765909
112435578
117791189
119439628
120217270
120479048
121668890
121886526
122817351
122878898
123992332
124077944
125191067
127099308
127277475
127896858
128087872
129147809
129914133
130585415
130723549
132139532
132277778
133138678
133207910
133293251
133507291
133609233
134188809
135957006
136865932
137280412
137471286
137829070
138262327
139503400
140275102
141393724
142116662
142820956
143023558
143424346
143579978
144870385
146331422
148231201
148515425
150349126
150505018
150828126
150842289
153285020
154169138
154173758
155702000
157384011
159041330
160496975
161682498
162035970
162555378
163145202
166478994
167286583
170746442
170898950
172609032
173521660
173564913
176475009
177678749
177830794
178598633
180665071
183022202
183387457
184941837
185823257
192914880
193373242
193961423
194302139
194771772
195615905
197638398
202230990
204520496
204636646
207436319
207448927
208669116
211819939
212237340
214383270
215125573
215661588
217013373
217295337
220868935
220922484
222610732
222693221
223413808
224528295
224572760
224574622
225708852
225776951
225953598
229371611
229982053
230522763
230680384
233538132
238403722
240460286
242241803
242429046
243659068
244623323
247051135
249209740
249926362
250131404
251297326
253270282
253475437
253814521
253938967
254167781
254244919
254318781
255163336
255912956
257849465
259338789
260142645
260152804
260565488
261141225
261864226
266051885
266483961
267790853
268518733
270454037
271888744
273745343
275959975
276773128
278385293
279516350
279550366
279730095
279811483
281900986
282730154
285179972
286568962
287778787
288358388
291590754
292079520
294207317
295336314
296103056
296279563
297433245
301685846
301800935
302039560
303393242
305335059
306750111
307667894
308419203
309619750
310886659
310993768
311041581
312080450
312916788
314765139
315834104
319750162
322166193
322414612
322942428
324894849
325433062
326131633
329356552
330003179
330508352
330987504
331607687
332369428
333818202
336411373
336495108
337778045
338174450
339381371
339604814
340798143
340888580
342249448
343291693
345266855
348264105
349564503
350202301
350927852
352025601
353397349
353631065
353778193
356299466
356643845
356877362
357308160
357852360
357943228
358108058
360082839
362838528
362931167
362978087
371032059
371995999
372966461
373538256
373721704
375436909
376154404
376605077
377720410
377812508
378338084
382100088
382189694
382567067
382913852
383932137
384750182
385421872
386097241
386283497
387772351
388266731
388333862
389192882
390319543
393668760
393970243
394248010
394494640
395081244
397640797
399776854
400820701
402027744
402783298
403928285
404068853
404482275
404863129
405388460
405497977
405878804
406687261
408943878
409917041
413242750
413423943
413814229
414596233
414689745
414795189
415850279
416820190
416949951
417689503
417928143
417930845
418961953
419854881
425810665
428166459
428350465
428650400
428846234
431264178
432098336
432256791
433344144
434497389
435316907
435820066
435901778
439215057
441032360
441869010
443176251
443738889
444403214
446677022
446824906
449229395
450351573
451385253
452181014
453751214
454064495
456214803
457876931
459534347
460232710
462161235
462247727
462356327
462904885
463705931
464214555
464889707
466415629
466434957
466892482
467088812
468319815
471435332
471444938
474236371
474768838
474937173
476532592
476704096
476930202
479634854
484515428
484963864
485541557
486553178
489142266
489347671
490380082
492353960
492923099
493970326
495762506
500903347
502566937
502935708
503516609
505726961
506278425
506906042
507808285
508526113
508536057
509526295
512396170
512941778
514132790
514968842
515068970
515666137
516533563
517194199
517714201
518278898
519494070
519881839
519924339
520375653
520385138
522226897
522309286
522317478
522607183
523124000
523320047
523974702
526183065
526443752
526525788
527405322
527502468
530009637
531216305
532943479
533283794
538369661
540644744
542340136
543320025
545479605
547316437
548707907
549760575
552523856
553723963
555390168
556944050
556966271
557006246
561385048
562307126
562580860
563422491
564136060
564794364
564926374
567290098
569153508
571342106
571427436
575834897
576198487
576678308
577362269
578428479
579037836
581465435
581655598
582830960
583434188
583578513
584547648
585511137
587460625
587517902
588051353
590632141
591438571
593772595
596940306
597465000
598237457
599946859
600895584
601867229
602662369
604693863
605075520
606360289
607710069
607969508
608996920
609913333
610968828
614237802
616502307
616702179
618923929
619523677
619996898
621930938
622343513
622534357
624246499
624482555
624810567
625144211
625763807
628120033
629545026
629849540
630918314
631309842
631361835
633351091
634370139
635878331
637501404
639105311
640362951
641315464
642190232
642485751
642526357
644258510
644426285
645460839
646053112
647283599
647908989
648053353
648144915
648194678
648653439
650083317
652450871
652571843
652850935
653680995
654437190
655141623
656202726
656348216
656742550
656818665
659529207
660055968
663822049
664639102
665797237
666271563
666486247
666718866
667468209
669301793
669577882
669995603
670273465
670479219
670701470
670755080
671533768
671723242
673467240
673506111
673868497
676988932
677656427
678404400
678849860
679320511
680566573
680794992
681200831
681463964
682116517
683060410
685540060
685741674
685961119
686446652
686768626
689152074
689166588
691193198
692009839
693218180
694370406
696741949
697366500
699893831
700061376
700641196
700692554
700966185
700981350
702544109
704200695
705328464
705887104
706484315
707094380
708366725
709752654
710267428
713009784
714211449
714818280
715232359
715974259
716298517
716763735
717047159
719685912
719869308
721964587
724956900
725042512
726096551
726451850
726821632
727046189
727561227
727799759
728153680
729271417
729554227
729667513
730182101
731305099
731615160
731626595
732004878
732859555
733378076
734545351
734739836
736065834
736762772
738374507
740155864
740373618
740452618
740630267
740654216
742060723
742150837
743206188
745304536
746043174
746387844
747148591
748235335
749237943
751576865
756067880
757105922
757211537
757661391
758427997
758732191
761771273
762617457
763441205
763594576
763971629
764901503
765011379
770108650
771049782
771114711
771513229
772027030
772326746
774425881
775472154
775685387
775737910
776171456
776708562
776776661
780866040
781438166
785018609
786094924
786806683
787274385
789161253
789774336
790475868
790641183
791353838
792534718
794757052
795742049
795839051
797312392
797862223
798414008
798621914
799445650
799622506
799696979
801965654
805482246
806210932
808683273
809665920
810184176
812159337
812520665
814267733
814349522
814556797
814988228
815772305
816529534
818262585
818365438
820172755
821514335
822764288
823151506
823802387
824105249
824541016
825086256
825200454
825587718
826044181
826956650
833569680
835594566
837567158
838395100
839860335
842171473
844016738
844425522
844547867
845115434
846261260
847062606
847197762
847583108
847946719
849504394
849907423
851338601
851919473
853358169
853639612
854852556
856866811
860336937
861660972
862806069
863536729
866104412
867437511
867513896
868551938
870540468
871440717
873151999
873853767
874263449
874627330
874904528
875281722
875541637
875906835
876802230
876874647
877026809
877224106
877867025
877946929
879404210
879756984
880159825
880551043
882811026
882876461
883507887
883566901
885327166
888098896
888919120
893215774
894392127
896880940
903894164
905069827
908082970
911665068
912551320
912655506
913704602
913783373
913837901
914500388
914635272
914692255
916193190
916676011
923135331
923768787
925838269
927047350
930898764
931528599
931698293
931975208
933857585
935852149
936744529
937051378
937459965
937844258
941484156
941922522
942262254
942546453
944091623
944225438
945431889
945509670
949101063
949548458
951062723
959094460
959314260
959600804
961374986
961848183
961968293
962841608
963621214
964217155
965366838
965787682
965903406
966981033
969543348
970049718
971940808
972337148
972548710
972732229
972995081
973164547
973236358
973520855
974657534
976785019
983696340
989692783
989871981
990304059
991018101
991051007
991055326
992168414
992684538
994066815
996843554
997589853
998526904
998927657
