100
4860700
22977218
29906491
35545995
45541582
53520127
54546281
64094683
68197115
84186751
87899801
94838733
97255034
105344255
105397061
107711413
112102299
114769853
117629294
120842029
137706878
138569853
147430841
155722091
172989578
208380836
232823320
236084544
269219879
269865762
274719566
279636859
289526470
307433361
334703775
353604007
364771483
367420677
372563650
385327680
386027528
387901392
421746696
434437335
440865486
455952615
467507105
473605314
484665949
505304424
505478548
509062601
527090951
529278722
536110280
540256681
540569011
545429711
549826143
564943710
570423365
594712732
606929545
620651979
622268809
623229196
635890471
662485814
666712054
667492599
669122714
677977057
678899483
685928343
698204416
702258049
702268300
714445478
741234726
774205977
779919123
803633332
810434773
814128537
838376797
845642871
846882984
858932994
865197184
874050561
889973299
894309179
921676392
924011672
931705694
971389414
978557953
980207066
985152735
993254495
