10000
62583
160389
326885
417037
478694
606942
620220
623946
742844
771276
847798
858853
922008
978967
983044
1034780
1053240
1299785
1303242
1358688
1375968
1437774
1661771
1807611
1830977
1930593
1946585
2050228
2062838
2069619
2158891
2188548
2399823
2441368
2536823
2674920
2890605
2893944
2900054
3032009
3041753
3054022
3073055
3108417
3353032
3376462
3397558
3441021
3470808
3477849
3684295
3687821
3704282
3843894
3866602
3896671
3969290
3978352
4172743
4379676
4517878
4687433
4822345
5090007
5216102
5223321
5223588
5285963
5397285
5499177
5632517
5634050
5695209
5714429
5725084
5735489
5758746
5812109
5885530
5886122
5922507
6084761
6291427
6322883
6412086
6478290
6503830
6505234
6551737
6609320
6633641
6785686
6810646
6842848
6959928
6964941
7043350
7068357
7222760
7241093
7271485
7331328
7348213
7383951
7392477
7645198
7726755
7806263
7855160
7886808
7949391
8024608
8036788
8042227
8173726
8336854
8407118
8408061
8502749
8536877
8620742
8639368
8753253
8872450
8903877
9023815
9030131
9046260
9103897
9166880
9195746
9236043
9379004
9416057
9463564
9493069
9504795
9510932
9517783
9579429
9591275
9681112
9766064
9808290
9812450
9889757
10014582
10064485
10162368
10345268
10352604
10454083
10553065
10799521
10832267
10849089
10851584
10882194
10951259
11001721
11017809
11065871
11077962
11116706
11139299
11154785
11230304
11231988
11406531
11412829
11428513
11569313
11873204
11888022
11976157
12036502
12043336
12081003
12176030
12206651
12275208
12280898
12379120
12421109
12463426
12631031
12696593
12708778
12720043
12727209
12823328
12982811
13106103
13250391
13355469
13422164
13728857
13732533
13792871
13873711
13877562
13900899
13915989
13925403
13947151
14056054
14195133
14285549
14365145
14398739
14455282
14459538
14478628
14527694
14544055
14595787
14624040
14782416
14783253
14809688
14925638
15113054
15130752
15259165
15463912
15499307
15506229
15637794
15651645
15740198
15763723
15776832
15860263
15867839
15895253
15926398
16021383
16036479
16085331
16110219
16192210
16230508
16255944
16271919
16304600
16512664
16591608
16778301
16981291
16993287
17036181
17052647
17079541
17151885
17260447
17278598
17289597
17361246
17433897
17577640
17616303
17624187
17626166
17663582
17670356
17719460
17784502
17793006
17815930
17856943
17862310
17868774
17931805
18079085
18097963
18123645
18242917
18369273
18379635
18466617
18481756
18491010
18514558
18561293
18587606
18601575
18713140
18715467
18739725
18795459
18821921
18919405
18939943
18986439
19199302
19244484
19282005
19449716
19557826
19613900
19614689
19633331
19641282
19672150
19823512
19864928
19972197
20124777
20172796
20193911
20241872
20279212
20724926
20786936
20828786
20875338
20992033
21189999
21227346
21254652
21455827
21559395
21572695
21696920
21754281
21785053
21857148
21922073
21922462
21952756
21959042
22018521
22083913
22149677
22308038
22351716
22380594
22587540
22700232
22754738
22838198
22848748
23115854
23186115
23369355
23372183
23505126
23575631
23596467
23653205
23789789
23809899
23941460
24121691
24155959
24196978
24197987
24243047
24343784
24344859
24358318
24533409
24537066
24599179
24687693
24979035
24980122
25018558
25026153
25072056
25076722
25162165
25171579
25198585
25210935
25301104
25329240
25404631
25408179
25444143
25499608
25613660
25819112
25848657
26017396
26237358
26330068
26330091
26501982
26890455
26893803
26933285
26937338
27055468
27113208
27129037
27169724
27219026
27364231
27414661
27586501
27804998
27984719
28068474
28152273
28229902
28286290
28346452
28383895
28419682
28614810
28653609
28738612
28820272
28899076
28902179
28938651
29045134
29187413
29197360
29210594
29264403
29410226
29543444
29659980
29834796
29843275
29926880
30077608
30125402
30176800
30245381
30285977
30293281
30558735
30727913
30798592
30830758
30853092
30930106
30999974
31052484
31054352
31165017
31240781
31348474
31371006
31443166
31534001
31579146
31618240
31669193
31707805
31750051
31768544
31886152
31912200
32019652
32079205
32274463
32349950
32364637
32387278
32396184
32488945
32497024
32506929
32648442
32745870
32777234
32904944
32919986
32952179
32958749
33169246
33230800
33424292
33502591
33591173
33705418
33712379
33888165
33995668
34187738
34238232
34251147
34323102
34377779
34479406
34523097
34585644
34748385
34754450
34766437
34791763
34796916
34821967
34826849
34857821
34943770
35099325
35182275
35361412
35426284
35469177
35493790
35531243
35654625
35695476
35793892
36085071
36088610
36154079
36292129
36400511
36479404
36505623
36522911
36674135
36725185
36814418
36832922
37055458
37066882
37100505
37169070
37207090
37347877
37399623
37595144
37597017
37605960
37607779
37675651
37689425
37705521
37712046
37744496
37912564
37933896
37938134
38102582
38122186
38240007
38477631
38480649
38567962
38660540
38862452
38888748
38954817
39061832
39123098
39152497
39248139
39273200
39324632
39461261
39492461
39602321
39609056
39625149
39829864
39838426
39890930
39949977
40087314
40151223
40223026
40224814
40358940
40384999
40385833
40419553
40436587
40606510
40672506
40722594
40893360
40912545
40950872
41060535
41152137
41261502
41286496
41373200
41405270
41504489
41592367
41629384
41662589
41747414
41793784
41809637
41833140
42013706
42048900
42163805
42411638
42426433
42438505
42471137
42692551
42795835
42963302
42975069
42978299
43068733
43154522
43191080
43191207
43240717
43322131
43437857
43504465
43719533
43768271
43791734
43941052
43965119
44127175
44257550
44323684
44367519
44522864
44775525
44918203
45048191
45062540
45081792
45409525
45474530
45475545
45557644
45619466
45711642
45924985
45959324
46012474
46044833
46054379
46056669
46162431
46191472
46208680
46365284
46487299
46614642
46707182
46713321
46755112
46766553
46972868
46992756
47030829
47083774
47202745
47259219
47408961
47511670
47515603
47725517
47803323
47843586
47954372
48203938
48246057
48339973
48380412
48392380
48413652
48423986
48457604
48474304
48527094
48536036
48805721
48813077
48885809
48954941
49021061
49318150
49692100
49904499
49907801
49960476
49986362
50108479
50155564
50189449
50197513
50200230
50392934
50419137
50450199
50504793
50690781
50755563
50929168
51006646
51035077
51309792
51467601
51582529
51791326
51946243
51997893
52143126
52261015
52282161
52299315
52308963
52330083
52420974
52599872
52615030
52711755
52902125
52937500
52964627
53048051
53089800
53147998
53168570
53180200
53257529
53405675
53560621
53597307
53602558
53656036
53689676
53831780
53902998
53929930
54036466
54101826
54107440
54248377
54270397
54327506
54421363
54486558
54560620
54601457
54642248
54899012
55008865
55021012
55035926
55176105
55207923
55261238
55430130
55617287
55713931
55727680
55859657
55946242
55980285
56128098
56189224
56294705
56347900
56399586
56402453
56442510
56469549
56580738
56604511
56646282
56701754
56826909
56851639
57040433
57099427
57137046
57148619
57320900
57403208
57421011
57531545
57662577
57665759
57698929
57709424
57712218
57740193
57780576
57865796
57877930
57964615
57978400
57982535
57987665
58089593
58105078
58167329
58192007
58320476
58325198
58384091
58398322
58404452
58412955
58416726
58538904
58600116
58657282
58716055
58873454
58889359
59000533
59012686
59175020
59206808
59233698
59336864
59404338
59445682
59478302
59530490
59569007
59593056
59699790
59781454
59814355
59819347
59881380
59963382
60016712
60042605
60085706
60107405
60167626
60173835
60208885
60421329
60463795
60543297
60561213
60582804
60585524
60669683
60831347
60841008
60907341
60966718
61088041
61118520
61156553
61183006
61235400
61240696
61269839
61385491
61393000
61417472
61527333
61628214
61678801
61683653
61688588
61725021
61834835
61860453
61990133
62007937
62040372
62205039
62308387
62349551
62427921
62567964
62585919
62621625
62641207
62668344
62670000
62743026
62870558
62904820
63066037
63173072
63270425
63329179
63379909
63559745
63801929
63863680
63867697
63891140
63893319
63926138
64044220
64217662
64268536
64545181
64547123
64589819
64668572
64749702
65016678
65024436
65029596
65121367
65122098
65136892
65149697
65170193
65186915
65290771
65354810
65541811
65549752
65639920
65700317
65806023
65808339
65822767
66028500
66055674
66099476
66186956
66201239
66458893
66501862
66630691
66674701
66805687
66851992
66863243
66936970
67103797
67125789
67194523
67209782
67477591
67545505
67820808
67851620
67909930
67936012
67944620
67976098
67994033
68034202
68208725
68215189
68237251
68406693
68425692
68591926
68592000
68646995
68954293
68983137
69030124
69144000
69147394
69157618
69167031
69202732
69203716
69204500
69385016
69410520
69431022
69524537
69816647
69873347
69929417
70010945
70036806
70036829
70051297
70145310
70159052
70306201
70440405
70445961
70449308
70569101
70643890
70719851
70893456
70940361
70985214
71046736
71070376
71087151
71332337
71379221
71398531
71467016
71472198
71557058
71589127
71596688
71639643
71643058
71708639
71757364
71767172
71776440
71783282
72059768
72135733
72377749
72558696
72728692
72827926
72921809
72957479
72981506
73120386
73124536
73128020
73387289
73530799
73609803
73703969
73723792
73790609
73868577
73925964
73953473
73959066
73986636
74063730
74166955
74203874
74218970
74270409
74322202
74345515
74376524
74453815
74511926
74524267
74527773
74537177
74596955
74639373
74684223
74768146
74818515
74838845
74887344
74918153
74984927
75024247
75087307
75102870
75121301
75131380
75198292
75208995
75271825
75293906
75601579
75631473
75694918
75879095
75883176
75895069
75924304
75942813
75943439
75955580
76023205
76040213
76111450
76274921
76443905
76475893
76620802
76692052
76718477
76756843
76864543
76866679
76966820
77018381
77043227
77146450
77522123
77534937
77554759
77635979
77757068
77784379
77816788
77953177
77970116
78023786
78078368
78096672
78263070
78305718
78410198
78637239
78700106
78722452
78865225
78922693
78979636
78997378
79018112
79033336
79056678
79064049
79117644
79220435
79301657
79336844
79447034
79521197
79697183
79730111
79756381
79855610
80094406
80111651
80123794
80145970
80339250
80380113
80443500
80563504
80692511
80714803
80820375
80842580
80872672
80881952
80974526
81055805
81220966
81260867
81381462
81617710
81649177
81715452
81860660
82081348
82123296
82186883
82421053
82549189
82689964
82739504
82750114
82889977
82891705
83045671
83078017
83104419
83144342
83167513
83176454
83416116
83485390
83566856
83640347
83897537
83916066
84129426
84254147
84363766
84418347
84512208
84528491
84906084
84907107
84911263
84919667
85034870
85097072
85175949
85216951
85645119
85787777
85788002
85796066
85837601
85846865
85986166
86033109
86061505
86076351
86101022
86283200
86332877
86403340
86479170
86490705
86554451
86657653
86802930
86869683
86958353
86962831
86966409
86976259
87069294
87293561
87488290
87711070
87863405
87896543
87938555
88008992
88010405
88027148
88083591
88088709
88176674
88212937
88218471
88233384
88234262
88235494
88261086
88326255
88355396
88576888
88586744
88670660
88813136
88833812
88935489
88946647
88962537
88994152
89149735
89163879
89261463
89263859
89270483
89283712
89398079
89484600
89586956
89733388
89740060
89807875
89851425
89920129
90112675
90141006
90220973
90223332
90424697
90434979
90493716
90585965
90610242
90742897
90743732
90757407
90813619
90959910
90972702
90974362
91028027
91131471
91228299
91267546
91303670
91493457
91509805
91543326
91569579
91643754
91671672
91827489
91888989
91978623
92038757
92129023
92434035
92514303
92539528
92594706
92596345
92647341
92679887
92917735
92966966
93018773
93026232
93231907
93356775
93379889
93411489
93415236
93522371
93562272
93797086
93923016
93930738
94082584
94093727
94243041
94303127
94480861
94576419
94586295
94592985
94627334
94675947
94714193
94757099
94886120
94897956
94966054
94973667
95020793
95024618
95081993
95215959
95323254
95343238
95548105
95706594
95759026
95767270
95805190
95866018
95891023
95954157
95966570
95973377
96030675
96094677
96178749
96183231
96229588
96604903
96615161
96634743
96636748
96829164
96880414
96953092
97007050
97165143
97197226
97200483
97214627
97215197
97223955
97284588
97295950
97444978
97521560
97545641
97679057
97694989
97744324
97765980
97792546
97799737
97816982
97906215
98184704
98197846
98348703
98408190
98485008
98485093
98503422
98550948
98657170
98913804
98925932
98990109
99079125
99271007
99423596
99487030
99520349
99558480
99560234
99567366
99614705
99668648
99783691
99823065
99833390
100130552
100162867
100235661
100296695
100338658
100384997
100410187
100658224
100670682
100683715
100832968
100860099
100883643
100904132
100921987
100947902
101006581
101013116
101022918
101076792
101092625
101146674
101264569
101304665
101444212
101493950
101688141
101848490
102004046
102064871
102178176
102308628
102354193
102423602
102451406
102549027
102606584
102664907
102690778
102774694
102792313
102810236
102816113
102839884
102916296
102956559
103050615
103106737
103156641
103162736
103293055
103336380
103384644
103507559
103515112
103526370
103551322
103740862
103749265
103804531
104018086
104024587
104032533
104094504
104162353
104226309
104227972
104249930
104320071
104330391
104423844
104450025
104498848
104681649
104692479
104696410
104777476
104809930
104912155
104929484
105153007
105267595
105428003
105467556
105579752
105580772
105586776
105678039
105760884
105827099
105836133
105961957
105982723
106019831
106077858
106210005
106344460
106544289
106620178
106641352
106650756
106677104
106699756
106834091
106920367
107028353
107124209
107189138
107256132
107393032
107425021
107507700
107533317
107661437
107825574
107840505
108090843
108127841
108128021
108165166
108385074
108628519
108703829
108712503
108804108
108813503
108901228
108937299
108988726
109192258
109264108
109278945
109297616
109321377
109372214
109382946
109420036
109653331
109743452
109878064
109886434
109891726
109899990
109900201
110148746
110232794
110235330
110280884
110328078
110407149
110413129
110672549
110782630
110783027
110819880
110838240
110856126
111003796
111045657
111173760
111224710
111312985
111313491
111406201
111416267
111477579
111657684
111691686
111706288
111772989
111785990
111891338
111891714
111909467
111934283
111967156
112049032
112054799
112118642
112141117
112249189
112306116
112314732
112398926
112419463
112487047
112498761
112504170
112653031
112705061
112728074
112776409
112784191
112837588
112852256
112941029
113014252
113145035
113154185
113247284
113382700
113438332
113701937
113739260
113745414
113976613
114010542
114065375
114207576
114246799
114247319
114460692
114532342
114640156
114662982
114672714
114806681
114894390
114963042
115030193
115049867
115156097
115302700
115310724
115381289
115390268
115508413
115527308
115577352
115805881
115830594
115904397
115941391
115973708
116004744
116072994
116144858
116281384
116308220
116324882
116339858
116422597
116427829
116508207
116534133
116573663
116643209
116716691
116748359
116803811
117015118
117130491
117205032
117233171
117242421
117562869
117603303
117712205
117731595
117743601
117821834
117836658
118106234
118183559
118343994
118384573
118417889
118440806
118631374
118862990
118878358
118884542
118900285
118949773
118996744
119312791
119323533
119349568
119591095
119690194
119850815
119866030
119967586
120091260
120099203
120138729
120292566
120380944
120492830
120606604
120718600
120813591
120867833
120876368
120892339
120916704
120918953
120977944
121092602
121204503
121341251
121348068
121573012
121687514
121756205
121861916
121922956
121960605
122031370
122116871
122137969
122146564
122170135
122301986
122383730
122438382
122718456
122815142
122839533
122878473
122887796
122906780
122934368
123087819
123106408
123125501
123224142
123258353
123403055
123450712
123521399
123525702
123575362
123596841
123611256
123612342
123627185
123651658
123702731
123859879
123932582
124031366
124110712
124145211
124157287
124260362
124284123
124355847
124447267
124847747
125147914
125173766
125375243
125445411
125491722
125598114
125785933
125804514
125942802
126027059
126052474
126061034
126138314
126210737
126222083
126225307
126257520
126258371
126286814
126526146
126526554
126573476
126612804
126695714
126807030
126826896
126919745
126938245
127069045
127088185
127100900
127141671
127330895
127527964
127570203
127611078
127684522
127907676
127923560
128071181
128270289
128286262
128288111
128429664
128576085
128601739
128607188
128618634
128824410
128853693
128864912
128883949
128918235
128962246
129041492
129126703
129299585
129335752
129392302
129401119
129418984
129820658
130017253
130041914
130057327
130122018
130165933
130170938
130219054
130322440
130339098
130378303
130418654
130467514
130504354
130774476
130779804
130977031
131042729
131060125
131063011
131117003
131292472
131303124
131453519
131538865
131561631
131574174
131722838
131764193
131846165
131866442
131920299
132059680
132132550
132239755
132282491
132282557
132288632
132289623
132433668
132443392
132520875
132531741
132721853
132743312
132949835
133076968
133153583
133160803
133252357
133441958
133482680
133666826
133803668
134002958
134041412
134089459
134134361
134537504
134801679
134871258
134921183
135064993
135140226
135143220
135159589
135182027
135187380
135238356
135297745
135333560
135439070
135504688
135535691
135625062
135661880
135676663
135728028
135745868
135866470
135889684
136035801
136055633
136061287
136092801
136124400
136271453
136296342
136349460
136446509
136521531
136541664
136555365
136589327
136614370
136620015
136711681
136733268
136847383
136911169
136948618
136954130
136963582
137052930
137155212
137206250
137230037
137368295
137373008
137423732
137463043
137520064
137563825
137650738
137686079
137698221
137748797
137754846
137756017
137830202
137865624
138085517
138184113
138255848
138291476
138463877
138520729
138523368
138713620
138737310
138776669
138812209
138831160
138857643
138918117
138975755
139002800
139010860
139164458
139185936
139191335
139220251
139220719
139251937
139262674
139290353
139303035
139399961
139592635
139601205
139629172
139650760
139657164
139666316
139684093
139763138
139864240
139866335
139932119
140037125
140038434
140060716
140137338
140271311
140281145
140292321
140311747
140339552
140482193
140546754
140612652
140641643
140771735
141011618
141203443
141427591
141448039
141514752
141551451
141574043
141635815
141640689
141721162
141780111
142000544
142027987
142061987
142073631
142151873
142186570
142189316
142287781
142293905
142455199
142460299
142595214
142777974
142938565
142962083
142977194
142990514
143039809
143051786
143259402
143357829
143368971
143372479
143499636
143574683
143596980
143625657
143655118
143790626
143895869
144131606
144149887
144221539
144372596
144409642
144469164
144491176
144599079
144717395
144743731
144801205
144890049
144974505
144991522
144997518
145059767
145105234
145284156
145372622
145459376
145625823
145778947
145949675
145994967
146054869
146281225
146364498
146404388
146663955
146694717
146836217
146886724
146887325
146900581
146907862
146951766
146966989
147003530
147056425
147067525
147213147
147368867
147404801
147437532
147448674
147597009
147629975
147638041
147639983
147664946
147895830
148188202
148496381
148575466
148633267
148737243
148753640
148805951
148816778
148882043
149273204
149362281
149515054
149585905
149604406
149716359
149765264
149947539
150005160
150033361
150094852
150286524
150343888
150531799
150885754
150901586
150978645
151021383
151235419
151352816
151361721
151416882
151418675
151486498
151489424
151640356
151792656
152041641
152124291
152262470
152316171
152447626
152485913
152521548
152895510
152938127
153007646
153207996
153729887
153743212
154177984
154214474
154320895
154322820
154332514
154421385
154523104
154573006
154581937
154858230
154859651
154896470
154943876
154980798
155012869
155070435
155140588
155177925
155302583
155350482
155423159
155433726
155450833
155495416
155522550
155729274
155730355
155789757
155827709
155860763
155951701
155960530
155995523
156189411
156271895
156334300
156403937
156413145
156554432
156804613
156912540
157075029
157075956
157093539
157178718
157296502
157390644
157604973
157648087
157966381
158004691
158123108
158218943
158233719
158272852
158355523
158672260
158791810
158872897
158999823
159021861
159086193
159091871
159100874
159147535
159327521
159446558
159555729
159562954
159622781
159761575
159815742
160051016
160285855
160407981
160410613
160611554
160722460
160848347
160973825
161095255
161320260
161407016
161649983
162051778
162221814
162244418
162693871
162854447
163011258
163125022
163313379
163390701
163410456
163465010
163531775
163946879
164032995
164167261
164180719
164280933
164408058
164577402
164619812
164665937
164809101
164832517
164834745
164869370
165106472
165145348
165260441
165344138
165518707
165597179
165597390
165643890
165773675
165915293
166086121
166103609
166135203
166153820
166281063
166406868
166614516
166787838
166798834
166922177
167049611
167325174
167423139
167927308
167943353
168176025
168212114
168324869
168764203
168908065
168930977
169090912
169426310
169452470
169509438
169624758
169658374
169713781
169882744
169972706
170061368
170145961
170254306
170280965
170298604
170334108
170352464
170395452
170676863
170715943
170742122
170805806
170948852
171002625
171012293
171073315
171373123
171453130
171511732
171663382
171704836
171734868
172345704
172377190
172434167
172463944
172744292
172855093
172916165
172939904
173257011
173363105
173386868
173601411
173839787
173967002
174321861
174330788
174483129
174544342
174841062
174997194
175029676
175120941
175558324
175655841
175665557
175735795
175846753
176038437
176119651
176274684
176622941
176853542
176904952
177054497
177216430
177379241
177407867
177484621
177499925
177652072
177882537
177989065
178019595
178212217
178292712
178478480
178542426
178584934
178657834
179012259
179046213
179412998
179454528
179456347
179492305
179527957
179650335
179717808
179822715
179933096
180008201
180032320
180096817
180266397
180378027
180498386
180578459
180621682
180689926
180698061
180703828
180746472
181032912
181067502
181221959
181387817
181543886
181589528
181704266
181763370
181843953
181884241
181980345
182252853
182352723
182855472
182942047
183117459
183299337
183368421
183535079
183559326
183683207
184027881
184059526
184416837
184675457
184745706
184785332
184838694
184910228
184953520
184996632
185009984
185072309
185239459
185414686
185424018
185589463
185654374
185742764
185766713
185936198
186037684
186057738
186069479
186242351
186294960
186575323
186619694
186794323
186905779
187025863
187118798
187151284
187379108
187398157
187502061
187524023
187561621
187628128
187695354
187746482
187888009
188030955
188068570
188142069
188209243
188701195
189017395
189029504
189082295
189133047
189316740
189425740
189650049
189853464
189862128
189932311
190062758
190161758
190225577
190238206
190273685
190341392
190630131
190653105
190709742
190797267
190882546
190908751
190919458
191051628
191248880
191407774
191500133
191507586
191531441
191557161
191571165
191758108
191775823
191784233
191823481
191878298
191886585
192001285
192009081
192011109
192121776
192129758
192334407
192500792
192612459
192634427
192664619
192750081
192827358
192981439
193009416
193023266
193060555
193075974
193360543
193845280
193848532
193869791
193875656
193959668
194030228
194033791
194102870
194132844
194355465
194389882
194447605
194470206
194483348
194679327
194704588
194799066
194923097
194964064
195030565
195074875
195115132
195190419
195237415
195299419
195310560
195399300
195599809
195734965
195993122
196288158
196335722
196361014
196474216
196487649
196492982
196719962
196843708
196960480
197330066
197340440
197369794
197485384
197490098
197570942
197632647
197685603
197740089
197758753
197809734
197814469
197824032
197906329
197910554
198001874
198034896
198047258
198131260
198193022
198326622
198386368
198645109
198757775
198829163
199077291
199281678
199297072
199595615
199634888
199677351
199785060
199861098
199944621
199976167
200045445
200430076
200674681
200922087
200925142
200979399
201006020
201059148
201159369
201305918
201345848
201546254
201682378
201772746
201984735
201993622
202112373
202213645
202276973
202514580
202526672
202592216
202624300
202814028
202874086
202993697
203031246
203054981
203056521
203192313
203245462
203372813
203463363
203744405
203825379
203857066
203965453
204298466
204311975
204378590
204671643
204917413
204935041
204942877
204958094
204966327
205031913
205148357
205172284
205288770
205289054
205414622
205513032
205599093
205615625
205645633
205671718
205835349
205991003
206282960
206414800
206556203
206597561
206672987
206879585
206886132
206899469
206977987
207002552
207056599
207089650
207105836
207225660
207272021
207649739
207654627
207921808
207951200
208215702
208490546
208587392
208605112
208647159
208674650
208813962
208908933
208950976
209348854
209351656
209762674
209885667
209916244
210071976
210109072
210121129
210136814
210238550
210244057
210297189
210422902
210668330
210748523
210752154
210790363
210801265
210813925
210865717
211088656
211134353
211134417
211231870
211426036
211481007
211553942
211820133
212063528
212272701
212306389
212424787
212820737
213122853
213173027
213570738
213668981
213721938
213955639
214016996
214147563
214225266
214235294
214242483
214253918
214571216
214593816
214854865
214922884
214934401
214972975
214996207
215071032
215086487
215323327
215396383
215574651
215584469
215684463
215814950
216492111
216551123
216620081
216640281
216714452
216810812
216841001
217085976
217231517
217336650
217358648
217387912
217653955
217759355
217824121
217871460
218025610
218415567
218643443
218657956
218701811
218739618
218824595
218863076
219002278
219444467
219470063
219575901
219674946
219748111
219845380
219944209
219989446
220024984
220075831
220107961
220246323
220324260
220394492
220403096
220462606
220480949
220629958
220642207
220768925
220778134
220942316
221052076
221104080
221350744
221482500
221490322
221645448
221765623
221825353
221830848
221959789
222118008
222352062
222359252
222413485
222500275
222716010
222733735
222818211
222988441
223107585
223298651
223393783
223453265
223500371
223582867
223741520
223986582
224079863
224175753
224413214
224448731
224508678
224518181
224587450
224701860
224838831
225189009
225215489
225310223
225381010
225520639
225600887
225669931
225709719
225713451
225822007
225869947
225904200
225965847
226227628
226482483
226485466
226654401
226890089
227094993
227174188
227186238
227296019
227437746
227499959
227526167
227613574
227652236
227836098
228058548
228352395
228425162
228509856
228587847
228667641
228702231
229106720
229325669
229555288
229743370
229748257
229878869
229997855
229998201
230001695
230039572
230237859
230257501
230481473
230524001
230827296
230850094
230878815
230953459
230958249
231047359
231111797
231281822
231342130
231511475
231586692
231611211
231836333
231901779
232099521
232185261
232355781
232450015
232487920
232924891
233123347
233167512
233205651
233300101
233369506
233524127
233662542
233664575
233700022
233985523
234130241
234160652
234284320
234375547
234570431
234715856
234851539
234885880
234894434
235016506
235085441
235099378
235141029
235152390
235240347
235326597
235427996
235483677
235592188
235716295
235825207
235856390
236176380
236250758
236454024
236516966
236810597
236920893
236944498
237049336
237117789
237146411
237178925
237348437
237507018
237582414
237658957
237832854
237860030
237900696
237963263
237996688
238161372
238166560
238551524
238678855
238744585
238766832
238921342
238979685
238992000
239080028
239084484
239207147
239480438
239660270
239734463
239764219
240103993
240108665
240118189
240212888
240248241
240295292
240861570
240899312
241012891
241053688
241087440
241353923
241365435
241525625
241672380
241720926
241846510
241925490
241962302
241986752
242001309
242083624
242270760
242274763
242501982
242548925
242648248
243024782
243030798
243295656
243398288
243453345
243476679
243513042
243639674
243645453
243668520
243691728
243709649
244038500
244154125
244340334
244788384
245146315
245199910
245347933
245434842
245473909
245981262
246038685
246080738
246146040
246181706
246559281
246604740
246627314
246860324
246923196
247159719
247221594
247290236
247326910
247374342
247418474
247431881
247775503
247876776
247948254
248148327
248378989
248441226
248477622
248519164
248683000
248700648
248740855
248748188
248804327
248809058
248890905
248992684
249101229
249133806
249152020
249232388
249242586
249251559
249263403
249328946
249378473
249381781
249569568
249574126
249777884
249902670
249911022
249912282
249924853
250029155
250212124
250235338
250250046
250324082
250365761
250546269
250658619
250785388
251087084
251094439
251125337
251491091
251582784
251868976
251895600
252032722
252189330
252286151
252316428
252339428
252386670
252388591
252475642
252674906
253045834
253061778
253107640
253188740
253270298
253288082
253412126
253440588
253493622
253742693
253869798
253979961
254227009
254312989
254333249
254432131
254485664
254612218
254613495
254804874
254810659
254818780
254887596
255113528
255145455
255154903
255259890
255266069
255413461
255451913
256035457
256045949
256141884
256183355
256264605
256424430
256493661
256511990
256755163
256995922
257020396
257088773
257130157
257145629
257428100
257561174
257700499
258122323
258188745
258342450
258395320
258500420
258950724
258980157
259172680
259213537
259235476
259376911
259420227
259443552
259502843
259701040
259861036
259869244
259987299
260037484
260168121
260232241
260426901
260579768
260808462
260855028
260899362
260929138
261051779
261406472
261475025
261477161
261523798
261595463
261840940
261946914
262169884
262245655
262571910
262684056
262779611
262961888
263122717
263243481
263920583
263960701
264122639
264182763
264356460
264357505
264370704
264458285
264654275
264707319
264713840
264937003
264947596
264962491
265089915
265112974
265229967
265325697
265408440
265464028
265574029
265747755
265855428
265911543
265914691
265965814
265986536
266192535
266203295
266408661
266488991
267012401
267022900
267034837
267234385
267235937
267247392
267364561
267365895
267400646
267417015
267737893
267776346
267833548
267870407
267929197
267959076
268123797
268391088
268775452
268908083
269013178
269142042
269155223
269161717
269199183
269315755
269367553
269507942
269548687
269679944
269760692
269768079
269886463
270157683
270512437
270556412
270567708
270623854
270893438
271271478
271309362
271329173
271501798
271611173
271685937
271722279
271959060
271995140
272006591
272162354
272170246
272202143
272218831
272253581
272310691
272420823
272424288
272509465
272560984
272623811
272803928
273071996
273186224
273471324
273575670
273665102
273675487
274069216
274091158
274127144
274564596
274643234
274724985
274802448
274869654
274878622
274911994
274985661
275001931
275103842
275229340
275338612
275422753
275433390
275778465
275788509
275985915
276040333
276062063
276072212
276269181
276497936
276719513
276777022
276786231
277090987
277095382
277353967
277453296
277537440
277627318
277958677
278129982
278159439
278249586
278320384
278412324
278487285
278699335
278714128
278745531
278980082
278983154
279568709
279573905
280023069
280078953
280102523
280170401
280336452
280460471
280556783
280926094
281036688
281142429
281675803
281714452
281852244
281864940
281933528
281947529
282107913
282169918
282193367
282345834
282423248
282453143
282832183
282876218
283047831
283276133
283369282
283624091
283655285
283714582
283922118
283922849
283999383
284289149
284305067
284336410
284385579
284409814
284624685
284730107
284746305
284785159
284944620
285138481
285184520
285215730
285429681
285509453
285636690
285834923
285845901
286071701
286117362
286123333
286292917
286318922
286631881
286899094
286988485
287052921
287207558
287219303
287287454
287317259
287458807
287548592
287611420
287645293
287885557
287957427
288008538
288022233
288023764
288197339
288257226
288306436
288379260
288617567
288688490
288732055
288793159
288799653
288861667
289002792
289343992
289492085
289695842
289774749
289834541
289864974
289921755
290035756
290684625
290729575
290761245
290816122
291171902
291361346
291653631
292062000
292117006
292128968
292498364
292541910
292648325
292685564
292730367
292853342
292856835
292899041
293005419
293006526
293018954
293041660
293301613
293593746
293809630
293828066
293847924
293897734
293968334
294051823
294069544
294253020
294336354
294409700
294420651
294434495
294462719
294551389
294555685
294610520
294854699
295017201
295019112
295141228
295194546
295238718
295489359
295514921
295705625
295781136
296181023
296193799
296213199
296295840
296559519
296798351
296984845
297049345
297133130
297239865
297416604
297498660
297538419
297557769
297637174
297661746
297679195
297704044
297758490
298095914
298106825
298340333
298444534
298464890
298486709
298591573
298614911
298723317
299050235
299068225
299069445
299094923
299270591
299352743
299551802
299691772
299709191
299849197
300250599
300433679
300735286
300956592
301044362
301067457
301164451
301253620
301336006
301411866
301520487
301689735
302091212
302241591
302300566
302354019
302474736
302540761
302595183
302599616
302607038
302665260
302723140
302724054
302982647
303051835
303225013
303399937
303621128
303763992
304046214
304056967
304061951
304084495
304149589
304462286
304625329
304732412
304758900
305099227
305143168
305170062
305381265
305390017
305439349
305451917
305533688
305579467
305719669
305798460
305830325
306384131
306506258
306807941
306880910
306979604
307233321
307264180
307439031
307454057
307662778
307777455
308001018
308331317
308449851
308514085
308667865
308857347
308898644
308934090
309000130
309128649
309135801
309163182
309179697
309298071
309313799
309329741
309406649
309416366
309522553
309955265
310072984
310252379
310276401
310321494
310582420
310655866
310717062
310722538
310740524
310881038
310933873
311089665
311318393
311371518
311608035
311608957
311658140
311840666
311954898
312001759
312119594
312389281
312392287
312551415
312747907
312776500
312781272
313160570
313170008
313274744
313384053
313548012
313664403
313678047
313686561
313691284
313720897
313728867
313761246
313872420
313958736
314147050
314734318
314742380
314756410
314869728
315107935
315204369
315298202
315316660
315584208
315632878
315644707
315819494
315936166
316017371
316359517
317081798
317097144
317270375
317305798
317347787
317719545
317778971
317816141
318018232
318080090
318188029
318189924
318476226
318505129
318862449
319232475
319393935
319626440
319628853
319640285
319667174
320001125
320045580
320100267
320114970
320300348
320389363
320502238
320735209
320788318
320878355
320915404
320954327
320960178
320974757
320991993
321118980
321232041
321270188
321334338
321373251
321476793
321611438
321676829
321717432
321932301
322004792
322020024
322479989
322562866
322601465
322676612
322846461
322857766
323258849
323686609
323920881
324076516
324222058
324356532
324499086
324819965
324836346
324919783
325248437
325313437
325362808
325396386
325446300
325512041
325555673
325579573
325622457
325647218
325755986
325909069
326016297
326098749
326206163
326368310
326387546
326391374
326520405
326531075
326552438
326749050
326777391
326805380
326826911
326951958
326986751
327121945
327162116
327184470
327258277
327366614
327478418
327510958
327568120
327606271
327873354
328092712
328175661
328247275
328306804
328342166
328389416
328428573
328731029
328746785
328882253
328911535
329148030
329226510
329300674
329641136
330011722
330051399
330173924
330213555
330230052
330456315
330465618
330519095
330545264
330653898
330753411
330854340
330947514
330994926
331062459
331127247
331187746
331191437
331290343
331425880
331631547
331792402
331859768
331893700
331935193
332182326
332284864
332347888
332389639
332525511
332526772
332585634
332764596
332796716
333028987
333081902
333143496
333533540
333675738
333725480
333990784
334052572
334113465
334229361
334394474
334444196
334634719
334654802
334754624
334893640
335346902
335442898
335450768
335539873
335572534
335716667
335832464
335844791
336051527
336083719
336180809
336272811
336583488
336609473
336624594
336656414
336786618
336907552
336934821
337113627
337141832
337156686
337253387
337259262
337263428
337497477
337593463
337607217
337611062
337637363
337660696
337696015
337739591
337750621
337893439
337913803
338199240
338291278
338385984
338410124
338452140
338507916
338848395
339094394
339117689
339634177
339685671
339727635
339731001
339814135
339833367
339901880
340050311
340271018
340478882
340529056
340590223
341052022
341075204
341175571
341232165
341265718
341464990
341550624
341564803
341608505
341627099
341680058
341804231
341950684
341995759
342143190
342153794
342266412
342329164
342435842
343274977
343303540
343351230
343826366
343826929
343921950
343938899
344002865
344169876
344257704
344699978
344737656
344767592
344928616
345016960
345174381
345222610
345272610
345273632
345440414
345501043
345518268
345750106
345922460
346016526
346020805
346106383
346145721
346236797
346289368
346457107
346466401
346502376
346545228
346748886
346938316
346979943
347103926
347165187
347464902
347615591
347628962
348009291
348179204
348379956
348476939
348479922
348582330
348607414
348621964
348939859
349022170
349052537
349071523
349319589
349349083
349396277
349429089
349565430
349619037
349813696
349898815
350035228
350153704
350175866
350290680
350423750
350677090
350680792
350726999
350795117
350829492
350918285
350953807
351052155
351371591
351471004
351548128
351971281
352070463
352112726
352205044
352325575
352436701
352459865
352560219
352633030
352792643
353020567
353031049
353095091
353104609
353170949
353338818
353345353
353502858
353616885
353760575
353799982
354137381
354147068
354157257
354182600
354339366
354543854
354566230
354571402
354677172
354972418
354989035
355060633
355187236
355233650
355457297
355494108
355522567
355740958
355801662
355946305
356029037
356082839
356301578
356359610
356364904
356387392
356500141
356505738
356983584
357370430
357445833
357523739
357609398
357668341
357837244
358218797
358227396
358387833
358469069
358572643
358716344
358764819
358786969
358826635
358895111
359214193
359216077
359307184
359391497
359408346
359521660
359725298
360002645
360049985
360156595
360200767
360251016
360438003
360563618
360722465
360738276
360740746
360795118
360808709
360939874
360984169
361057549
361169874
361503306
361628459
361742620
362025048
362138557
362162780
362179460
362201322
362474363
362542914
362562883
362583143
362677881
362806897
362910320
363298102
363357512
363387017
363445820
363462779
363501820
363585496
363661190
363708666
364040581
364117619
364251693
364453854
364461040
364488180
364737108
364820857
364948317
365076040
365091912
365101932
365123468
365489591
365528575
365719908
365735286
365763279
365881060
365961764
365978273
366008176
366097194
366576575
366685692
366818484
366960044
367180820
367486202
367588833
367600454
367724774
367741081
367759039
367980843
368056917
368171392
368417238
368444761
368519149
368761477
369124349
369166015
369336784
369441979
369513500
369571477
369716326
369803473
369902949
370124927
370182920
370243545
370394663
370424482
370504681
370547428
370610502
370629038
370691770
370713141
370747863
370843121
370984850
371001708
371253008
371557782
371579810
371596478
371773543
371789497
371795920
371811756
371979596
372098608
372169963
372187586
372278549
372570054
372940043
372941717
372961996
373081596
373130431
373175313
373244827
373330283
373434090
373467834
373693364
373713215
373741120
373822349
373827231
373832739
374049611
374177843
374326132
374347689
374410919
374430144
374474979
374500963
374543608
374578869
374589500
374648716
374652833
374708563
374767716
374794962
374811716
375019795
375180483
375255046
375263059
375273686
375460709
375621787
375875844
375938533
376077461
376144346
376250708
376275913
376330691
376415290
376431042
376570492
376703659
377075585
377241002
377448545
377551492
377570545
377640793
378234177
378284348
378445721
378481832
378548380
378616934
378665392
378742802
378785493
378833637
378873145
378889200
379037900
379095494
379134796
379240334
379271836
379332938
379440798
379448161
379522409
379529991
379530989
379616058
379653646
379692996
379796122
379817884
380067886
380150041
380236654
380341996
380397753
380563651
380682998
380703248
380767456
380784170
381277430
381375221
381507542
381570482
381688923
381755464
381852661
381855155
381911738
382113993
382262455
382339908
382637048
383112574
383409487
383538818
383586696
383712524
383756141
383806226
383808581
384015804
384143016
384225456
384239787
384271281
384356918
384461029
384492033
384521900
384734738
385081125
385104084
385246884
385273428
385394798
385419496
385427224
385564559
385652657
385657649
385897314
386052036
386058351
386120725
386132053
386277476
386370527
386501367
386506875
386559594
386584225
386749029
386978988
386981844
387038549
387078189
387084974
387171662
387497147
387606338
387772542
387776833
387847322
387899975
388028752
388151707
388155059
388245799
388317409
388587363
388757240
388790725
389207778
389317463
389395744
389555243
389711655
389882595
389957117
389973207
390052307
390067145
390187559
390607079
390672252
390729089
390829834
391056699
391079357
391362944
391630058
391659281
391726154
391779597
391801020
391876995
392000124
392043480
392315475
392359823
392364473
392602776
392961275
392963720
393119298
393136125
393139131
393209666
393289118
393571867
393603498
393715081
393781839
394016557
394172175
394202095
394267489
394355583
394360408
394435008
394510920
394631231
394663755
394732744
394928428
395041984
395069827
395104694
395127337
395131329
395244691
395302278
395311176
395378848
395535247
395625249
395730286
395754729
395971423
396003044
396014804
396154649
396171569
396223576
396228188
396233368
396277777
396362157
396400107
396533125
396607219
396766817
396773642
396853646
396921148
396949675
397012218
397088631
397146502
397262489
397487512
397556738
397627873
397672360
397748878
397784292
397798311
397836791
397899635
397998493
398370994
398421229
398426549
398481534
398810826
398883980
399085453
399216615
399233248
399253786
399277859
399365503
399370497
399481430
399757942
399865551
400060951
400080958
400138192
400311932
400364872
400408366
400452468
400479543
400517545
400529322
400587153
400621236
400638974
400808187
400821979
400848442
400937712
401301375
401317203
401393454
401452821
401475736
401754169
401877485
401892170
401929841
401979201
402013246
402135260
402231990
402266761
402317900
402327756
402529198
402557295
402761507
402781838
402831914
402872670
402941600
402966636
403145649
403183840
403229811
403266905
403360968
403447654
403479195
404020193
404092827
404298101
404483512
404769432
404815257
404851448
404922590
405086966
405136574
405187573
405194537
405273071
405399238
405418612
405484911
405798915
405853901
405978069
406105226
406159922
406495084
406547641
406623584
406667326
406679907
406793687
406881020
406974212
407082304
407590001
407666931
407668205
407755779
407813130
408089147
408277653
408313085
408327855
408341409
408362298
408602266
408780130
408833764
408927449
408962571
409086847
409253295
409571933
409611647
409943629
410039093
410071815
410072954
410295217
410329450
410368297
410398365
410438150
410458636
410555647
410594714
410822025
410902366
410930805
410943328
411184408
411496685
411721869
411816971
412053009
412196755
412243925
412431698
412454689
412649996
412781532
412786457
412818456
412864270
412881934
412884928
412959226
413086295
413097305
413126399
413215733
413281363
413666522
413693410
413961098
414121263
414200115
414326715
414396268
414578373
414582128
414617874
414660366
414726976
414765902
414831289
415316005
415368289
415539599
415613017
415664139
415683690
415736042
415914381
416016218
416036497
416393009
416723475
416943315
417205741
417376857
417496787
417576877
417659229
417708933
417809874
417839546
417899705
417923412
417994282
418037559
418249785
418831664
419046147
419163399
419220359
419557094
419693346
419833653
419906951
420114510
420130090
420259131
420287776
420463533
420463882
420592316
420961592
421116834
421215323
421260237
421363883
421599411
421711194
421975269
422116889
422156608
422218020
422357298
422420395
422465075
422669787
422913138
422965350
422993657
423016416
423042383
423147295
423180726
423200468
423293522
423346964
423414215
423584818
423618628
423665008
423779298
423916353
424191607
424243070
424313279
424334643
424338354
424349532
424480893
424610154
424672738
424751701
424977052
424984259
425001425
425271289
425292223
425429196
425482452
425542189
425883786
426394976
426625110
427095799
427143565
427246402
427282355
427411902
427517390
427664350
427912250
427915550
427946524
427958602
427968318
427996538
428341865
428366679
428442243
428478372
428881930
429276185
429283111
429333864
429350273
429352426
429575224
429783529
429846050
429884985
430087556
430208840
430225942
430228403
430231089
430250245
430323264
430856010
431046757
431054217
431119815
431124295
431451941
431654678
431812914
432004120
432039949
432193102
432260947
432311994
432349281
432660459
432735412
432769933
432875092
433295567
433551789
434009289
434063567
434218924
434220508
434344652
434455134
434856646
435001403
435139462
435159204
435159714
435204089
435493859
435508150
435624655
435669324
435980688
436045938
436089724
436093186
436200253
436263893
436311437
436391287
436580188
436669176
436845948
436945158
437062858
437388413
437517034
437591277
437625055
437661886
437672536
437685953
437748321
437831187
438071588
438142518
438341848
438354059
438372209
438460900
438622512
438641332
438894283
439057236
439121719
439174480
439255362
439333493
439377011
439597757
439621645
439660425
439716872
439719611
439872505
439922467
440138034
440251201
440406513
440502364
440530216
440652254
440893649
440951271
441163687
441263875
441308972
441456863
441544053
441614969
441647518
441701045
441731157
441755796
442071065
442115252
442154265
442250368
442680592
442769095
443035220
443146595
443396135
443550921
443653593
443842281
443883097
443898495
444067663
444252821
444329070
444358635
444647385
444820216
445002835
445218700
445416726
445428851
445471730
445537237
445544232
445739806
445898217
446155671
446256641
446398894
446642382
446708493
446728070
447033841
447149128
447261487
447405796
447653418
447713195
447733304
447866549
447942791
448051683
448167429
448550776
448595610
448613068
448628143
448704190
448809576
448841146
448882528
448941085
449143101
449265115
449343424
449411277
449439410
449487590
449740524
449896013
449908043
450265527
450318196
450336437
450565276
450615128
450635237
450783576
451038442
451047396
451126089
451140711
451160771
451734911
452016767
452056530
452234034
452318754
452475168
452534634
452763943
452769462
452774669
452829943
452874529
452969858
452993717
453053631
453070339
453229695
453329327
453443141
453592736
453711542
453850218
453884641
453929719
454068022
454162197
454251142
454341891
454465330
454585661
454673085
454926214
455089273
455270771
455277728
455309609
455353247
455449886
455509496
455561677
455676906
455733161
455939762
455957015
456343330
456393783
456539984
456545247
456603002
456638394
456747493
456760458
456777377
456802868
457147470
457220024
457445746
457540625
457860124
457973645
458140837
458142921
458164414
458396055
458599584
458672687
458926580
459014233
459205621
459244694
459286567
459353764
459409413
459515691
459517148
459675766
459829586
459885378
459920967
459997647
459999595
460039146
460073348
460223164
460234790
460298034
460311310
460405034
460435150
460519098
460900802
461018596
461025650
461111138
461159430
461160547
461290783
461478601
461576593
461626717
461656842
461694075
461765130
461819144
461878132
462543029
462666177
462667795
462727458
462852557
462867811
463143077
463256280
463345110
463527508
463662971
463742295
463948209
463953007
464010324
464046684
464116153
464174462
464192845
464304665
464428739
464885749
464901326
464906877
465016394
465099258
465108022
465325188
465390660
465420463
465548486
465752264
465849463
465900744
466309914
466356418
466455529
466463743
466539553
466627862
466689642
466831901
466978980
467419792
467425109
467437740
467479217
467587609
467794040
467881553
467918267
468012689
468111548
468203381
468379064
468644872
468858488
468910685
468917046
468925131
468991372
469004570
469276574
469601133
469624223
469675857
469892460
469899496
469915145
469961234
470154650
470172721
470288013
470297718
470721274
470797057
471003509
471046206
471144725
471240536
471257607
471357839
471498611
471499233
471663870
471906378
471937627
471977902
472106942
472300654
472608847
472768575
472783397
472831115
472901480
472999662
473108979
473201347
473213924
473392354
473525151
473541673
473581005
473610675
473628326
473640271
473805299
473873211
473904768
473970554
473992167
474059776
474168582
474191264
474210106
474271566
474282721
474323363
474352011
474702227
474802307
474892866
474983416
475036116
475094641
475112826
475207915
475424321
475642172
475895407
475974250
476310740
476460112
477200764
477488274
477531649
477668004
477971811
478045074
478086487
478125976
478168796
478244759
478415722
478664303
478821685
478849746
479468302
479672959
479808998
480023594
480420996
480632538
480889867
480906702
480922027
481090824
481416665
481426597
481645606
481853544
481882347
481946437
482209049
482634082
482661275
482663111
482855473
483014913
483161480
483211329
483223743
483231242
483251098
483393208
483494739
483549149
483640105
483780100
483992473
484005379
484050715
484097215
484100140
484160568
484173826
484297353
484413659
484485716
484643215
484785424
484820337
484825101
484830479
484881071
484895640
484949106
485028276
485063689
485072904
485086877
485195947
485220453
485241340
485403604
485499295
485506267
485554990
485561175
485682793
485693091
485754831
485875744
486233523
486371805
486543958
486610816
486836519
486838081
486886342
486901046
486903910
486948239
487409536
487518997
487664518
487709231
487770392
488026551
488076163
488220678
488549478
489259236
489329121
489499660
489686205
489689858
489761247
489886352
489923692
489928388
489932626
490078253
490109197
490117589
490181062
490284661
490377944
490411336
490571050
490932089
490966080
491164688
491273732
491332184
491426223
491605444
491944385
492107958
492368285
492521355
492708055
492772213
492870504
492884766
493353256
493443599
493691930
493922734
494076347
494204990
494207899
494243375
494274963
494419175
494558014
494654072
494888117
495047647
495142439
495228733
495246694
495248907
495690718
495747638
495885047
495911116
496031006
496039367
496208140
496358443
496403846
496407969
496496583
496520242
496624389
496873971
496899422
497194866
497227928
497302292
497310877
497331857
497436521
497484039
497525190
497533093
497633138
497838214
497945652
498058105
498076558
498157390
498161636
498195231
498232752
498260696
498270717
498350211
498489353
498570745
498597909
498795840
498808174
498907231
498924396
499035512
499065130
499117865
499130947
499407092
499416841
499446635
499580040
499788815
499790696
499801677
499809835
499856795
499887357
500167452
500326107
500373114
500507549
500556820
500724107
500787113
500907360
500930155
501153147
501215631
501255454
501582105
501961253
502887203
502897220
503154115
503192892
503275094
503306541
503341628
503532373
503608281
503666345
503882605
504118844
504140904
504199782
504220040
505007736
505075796
505076394
505141032
505343291
505351593
505606218
505712140
505797216
505809727
505963642
506104643
506158653
506244947
506272277
506402568
506670641
506787923
506994244
507108642
507151116
507200455
507322913
507474785
507560210
507712697
507753017
507777886
507927502
508163362
508195210
508235338
508247787
508307755
508321726
508324990
508478222
508511324
508524657
508753634
508870245
508940320
509313096
509549565
509756877
509787794
510008779
510067189
510095145
510329891
510329970
510339232
510467569
510517566
510557796
511253622
511309142
511577697
512060579
512100324
512117135
512171816
512412721
512682086
512794892
512878955
512979033
513109146
513135670
513331603
513399883
513452854
513459238
513506585
513539099
513546329
513597544
513920588
514115166
514383067
514490439
514614071
514762147
514764861
515102402
515445881
515448006
515499064
515506002
515552381
515624721
515749702
515776910
515924581
516161707
516183593
516204649
516382069
516426611
516504269
516591204
516751259
516874885
516927084
516927781
516963516
517001751
517047961
517153898
517300910
517416164
517582891
517604016
517688687
517716167
517792726
517860293
517868064
518103434
518166280
518333574
518352797
518599734
518750468
519062539
519100414
519120978
519321158
519325622
519430016
519515348
519580665
519753122
519937928
519982708
520048698
520254488
520412629
520415173
520466952
520672777
520699897
520787717
520907538
521102896
521158017
521358462
521365456
521926024
521939100
521968220
522003896
522077422
522249510
522313647
522323084
522370438
522394656
522477861
522796478
522805645
522806563
522821636
522836540
522910065
522939671
523534812
523629595
523837685
523905497
523957720
524106468
524271068
524301791
524319660
524339063
524382482
524481856
524644783
524730128
524811923
524883517
524960321
525039985
525145510
525190830
525226811
525283420
525366938
525582761
525648776
525891234
525975082
526000017
526285740
526480886
526621949
526791376
526876768
527051673
527184942
527443966
527535567
527551084
527737247
527760427
527777079
527797547
527874098
527876739
528088660
528115823
528171927
528311160
528326644
528327904
528394157
528434373
528538220
528608422
528636639
528789435
528830360
528844818
528858993
528881311
528899899
528919647
528928031
529098064
529290038
529384958
529682500
529957955
529959926
530015131
530041210
530109111
530175574
530230930
530307967
530610289
530654647
530762353
530913285
531163221
531195571
531227170
531233567
531405847
531461374
531770322
531826610
531906716
532055698
532098387
532240328
532306851
532325820
532341376
532375991
532417150
532512717
532586112
532587987
532610890
532698354
532792878
533048335
533144006
533183900
533474127
533784731
533790729
533917144
533977248
534084000
534228484
534350680
534456868
534638348
534745428
534815081
534841517
534877186
534882207
534883342
534898995
534933816
534950324
535045581
535150838
535347759
535355324
535447151
535496658
535711396
535928471
536522753
536574213
536693111
536816024
536868418
536887989
536995716
537056580
537092983
537103171
537415826
537598423
537725615
537887011
537920280
538033198
538069174
538153221
538153982
538210136
538210251
538215230
538225382
538244210
538265565
538327253
538328279
538362591
538397162
538574534
538658426
538736213
538838883
539048814
539076506
539083294
539436458
539604400
539684171
539842550
539855417
539877907
540097494
540268754
540419672
540458370
540488917
540508870
540556830
540618355
540736703
540793897
540888771
541108471
541444216
541461024
541782396
542175719
542318411
542422877
543003693
543137183
543386011
543476537
543613319
543910480
544061930
544177269
544196698
544266892
544347883
544436731
544550022
544692433
544694100
544733130
545130209
545394500
545750382
545830015
545893886
546079355
546160355
546219930
546383640
546418532
546490722
546515206
546637230
546645306
546678359
546746219
546756236
546756567
546852372
546858579
546879441
547015648
547062479
547069561
547397556
547568743
547821409
547878071
547901033
548348168
548382272
548596334
548658493
548670837
548711937
548806192
548832093
548933555
549037418
549109696
549123557
549156822
549516496
549852408
549980896
549983517
550296148
550309660
550373055
550609288
550730306
550782263
550920512
551068429
551091860
551094507
551110581
551231765
551247291
551620870
551697701
551736188
551803000
552007344
552098525
552144170
552370663
552437373
552577764
552788466
552880405
553050761
553218499
553218627
553280033
553353967
553428432
553458881
553930968
554005894
554087927
554177564
554218738
554254757
554415387
554686020
554901101
554954363
555100414
555254214
555282958
555400813
555467899
555499736
555502658
555529871
555701600
555798579
556111172
556127405
556294171
556419990
556559218
556593553
556622871
556652289
556655088
556680887
556784289
556868327
557090235
557125536
557435055
557469415
557486169
557622308
557640919
557755576
557766584
557997415
558104511
558461594
558473298
558574565
558668290
558682690
558850292
558861955
559019921
559068226
559099877
559391318
559617530
559639830
559858469
560365448
560365804
560551140
560680033
560875170
560895497
560905908
560935900
560942568
560967859
561091740
561353910
561437790
561445730
561479739
561525128
561556330
561730249
561732548
561746516
561790404
562108631
562277659
562680569
562697680
562781361
562824690
563005498
563030397
563046048
563071802
563223484
563265730
563278834
563400574
563420889
563487244
563504988
563842847
564205057
564363516
564421567
564554397
564757625
564886921
565055153
565057153
565372253
565451950
565578136
565587642
565651556
565700711
565775821
566027905
566250844
566262179
566908343
566936858
567083985
567191852
567262973
567287887
567371633
567668023
568160358
568338728
568398352
568503473
568573234
568731197
568804910
568836838
568911897
568912974
569122824
569346744
569439730
569784844
569827368
569880830
570023918
570049408
570367727
570545660
570619510
570631767
570694046
570725388
570781617
570998547
571053531
571148227
571156466
571382947
571406577
571465888
571528936
571720351
571780605
571844907
571897613
572367189
572434172
572468500
572770634
572928027
572998919
573038986
573270492
573412164
573536994
573589413
573656613
573696262
573726353
573736580
573813581
573877718
574147186
574578589
574653001
574693129
574784882
574929368
574947018
575139276
575236453
575244639
575445953
575582805
575751516
575870919
575995242
576041045
576047074
576118491
576140255
576164244
576276631
576420116
576496554
576500316
576505688
576516160
576624718
576850361
577013321
577065013
577097348
577219134
577352530
577523897
577581377
577650261
577667726
577689225
577811405
577968141
577982108
578100961
578128396
578177876
578178798
578339595
578391205
578490777
578508486
578787767
578879066
579328952
579332936
579403884
579682407
579721241
579886377
579951977
580073190
580235389
580241323
580359635
580439306
580442112
580442385
580455478
580504645
580520805
580687865
580696256
580710200
580717990
580776766
580958358
581013234
581067329
581152255
581319017
581390352
581434165
581472069
581587851
581798878
581944856
582070866
582154360
582313600
582392073
582520095
582631912
582737553
582756819
582785944
582821670
582936068
583010062
583265412
583276242
583526617
583553844
583600318
583614496
583690446
583873074
583908349
584001848
584051015
584102572
584130049
584172341
584306671
584308297
584400144
584560989
584643435
584800442
584946197
585163881
585356743
585492407
585671405
585745221
585791196
585795369
585948169
585984269
586180840
586183566
586424047
586580592
587054072
587191921
587788844
587822275
587848933
587851601
587948722
588267350
588368594
588471439
588514783
588581488
588635217
588760039
588950392
589358105
589427758
589490713
589631710
590074887
590085415
590151597
590728522
590742311
590835183
590841866
590869614
591062397
591126717
591334128
591372600
591433466
591434020
591525513
591552635
591553485
591627142
591640951
591761577
591816392
591869569
592267543
592284545
592331712
592468184
593078175
593131428
593152692
593162288
593362898
593388373
593463870
593503639
593535829
593744231
593757954
593939811
594030892
594107839
594403836
594406056
594500579
594560875
594699156
594756879
594777403
594862412
594916339
594947109
594947621
595087515
595131151
595524932
595545135
595725914
596032796
596156330
596224317
596276966
596451026
596482282
596571542
596956451
597045423
597541346
597574916
597622198
597674023
597750537
597784631
597872153
597972652
597998298
598004794
598090100
598191550
598241929
598402361
598771816
598792828
598851953
598872638
599298476
599324130
599392723
599448124
599476840
599542167
599818724
600281508
600302641
600390465
600416218
600495574
600627376
600677115
600852603
600949469
600971401
601090655
601318433
601416154
601582282
601754224
601774981
602216740
602292371
602339604
602459919
602475310
602831323
603008768
603130124
603141666
603335512
603343334
603454301
603602425
603800604
603874196
604004736
604011160
604137094
604216936
604263793
604345970
604805039
604923157
605060052
605240072
605318195
605362171
605401906
605412302
605924310
606054608
606167314
606251018
606384948
606417440
606420784
606445195
606550129
606604852
606679325
606686202
606847344
607353950
607356544
607389292
607630488
607660815
607725899
607821727
607993008
608055221
608130408
608159051
608227835
608276136
608334627
608342559
608487811
608611332
608615461
608915714
608925401
609130077
609195901
609222635
609303768
609335733
609536202
609572212
609742411
609907046
609945586
610021979
610042164
610049133
610095605
610125951
610277209
610362466
610424122
610438321
610494749
611469522
611545432
611888112
611937772
611994460
612110075
612456331
612535693
612647290
612665100
612902267
612930388
612978120
613242802
613271438
613272538
613294851
613555983
613579111
613580548
613604361
613644143
613647237
613925449
614058405
614090902
614144719
614153604
614423267
614454020
614578937
614622535
614693537
614716033
614785443
615020686
615198466
615228902
615246653
615254285
615256531
615414975
615463002
615487297
615742812
615803494
615840917
616055962
616136745
616232143
616328233
616381620
616388190
616451989
616501041
616551249
616750560
616840827
617014437
617085857
617263684
617546758
617588347
617593919
617616824
617638425
617668920
617831658
617944577
618087081
618092429
618158806
618167497
618234124
618257279
618268797
618372728
618436554
618490320
618509586
618543087
618731250
618899532
619328315
619395043
619414623
619444738
619481957
619496289
619539662
619551077
619595052
619702887
619750762
619827623
619936219
619955916
619987410
620012100
620289392
620308865
620337484
620441707
620490327
620660421
620690628
620737110
620746594
620803632
620910524
621027804
621121336
621287941
621362317
621396482
621609850
621875623
622075908
622151386
622350103
622390654
622593686
622631770
622640277
622719907
622737827
622791402
622824733
623100763
623140931
623180690
623288371
623342553
623425119
623583359
623707108
623762501
623797219
623815845
623830747
623861446
623887056
624366611
624413818
624473087
624479339
624707387
624730749
624760202
624798334
624813113
624818175
624834819
624923059
625025038
625120486
625386081
625440410
625597291
625703802
625797127
625828385
626070472
626121418
626322508
626355193
626447486
626562994
626865911
627026105
627288339
627302794
627578283
627613294
627739603
627948407
628013489
628037990
628078999
628097244
628141724
628174959
628199514
628300876
628366201
628426316
628532858
628556453
628585684
628590971
628655254
628779278
628800960
628917602
628948556
629081167
629308793
629446004
629506869
629734557
629735582
629898548
630004800
630282741
630336719
630342046
630606647
630633854
630638839
630654104
630704695
630840912
631037828
631158365
631345537
631530389
631569875
631582494
631634462
631753478
631895981
632084721
632326170
632354690
632380101
632610737
632630841
632719429
633005573
633310152
633378183
633412217
633838437
633881523
634029215
634081905
634195465
634275456
634302266
634351951
634380785
634443776
634460587
634479443
634529787
634578889
634639722
634683661
634795254
634980849
635019319
635049947
635110457
635154870
635238214
635550495
635552756
635560650
635639534
635646327
635719639
636145634
636441992
636497140
636529901
636643070
636686913
636748257
636833542
636920430
636939325
636976529
637038342
637343728
637499496
637645523
637675603
637704096
637787554
637832670
637858265
637945048
638016633
638041387
638043066
638061612
638074370
638137099
638313973
638401760
638412011
638427893
638549000
638677839
638941867
638964121
639043132
639049892
639210579
639263734
639340435
639515131
639978492
640025594
640050238
640058774
640117679
640318871
640424887
640428070
640437393
640511408
640523151
640624010
640634439
640636235
640899724
640977583
641027405
641065520
641137185
641208594
641335779
641358726
641428187
641461709
641658829
641767743
641864894
642013772
642252573
642310829
642316540
642477145
642477469
642496227
642497310
642514515
642601371
642744273
642819358
642900777
642903117
642929807
643042499
643048894
643206686
643425173
643444298
643492339
643610706
643984251
644109806
644323767
644512375
644636857
644776904
644980592
645173880
645395082
645783106
645873859
646152435
646254281
646420054
646421941
646452188
646622462
646766908
646882376
646890086
647155971
647191152
647194633
647227747
647283428
647294000
647392100
647397615
647670948
647678167
648063847
648167985
648268735
648287229
648298880
648320174
648327830
648444088
648577533
648634118
648634121
648724039
648942339
648953332
649039924
649060534
649268503
649289956
649687973
649789450
650024095
650054278
650181072
650226336
650227711
650519182
650552971
650588521
650665575
650689455
650721352
650725358
650905529
650967114
651034777
651037096
651328339
651400435
651533317
651696847
651852175
651865872
652098333
652281387
652283299
652334896
652795372
653056221
653111766
653116206
653123826
653184119
653312722
653329149
653339094
653390258
653412916
653441111
653530513
653945161
653952908
653972598
653982505
654168999
654558871
654712367
654881131
654948705
655090105
655128908
655333398
655390969
655405150
655447948
655448421
655496182
655506641
655581695
655665280
655679508
655778222
656026650
656134907
656259459
656577862
656610354
656642097
656659634
656768894
656783798
657059606
657130939
657406343
657498823
657519217
657591443
657601200
657686371
657757863
657795471
657852735
657915407
658153485
658155553
658324380
658334288
658384287
658439535
658459279
658536215
658744072
658820003
658827399
658873839
658908038
658927798
658997888
659137377
659229789
659552308
659628770
659639048
659639388
659653698
659911780
659972994
660116691
660301402
660333452
660362798
660532124
660543320
660563010
660904455
660907329
661042503
661046816
661190993
661275652
661317656
661336580
661336890
661475578
661701930
661705909
661729208
662033881
662034752
662126980
662131869
662250206
662346171
662406264
662459683
662567772
662574464
662787533
662855138
662908992
663043708
663081877
663130767
663234906
663271097
663329299
663587248
663681131
663877336
663906502
663937112
663947428
664141881
664241090
664600468
664629549
664724958
664756480
664782236
664837265
664911908
665179173
665203634
665253403
665302183
665317847
665345869
665368476
665853290
666170357
666241670
666257941
666470413
666494278
666517723
666565476
666594462
666782684
666883787
666930180
666931591
666958426
666981064
667000414
667060930
667232842
667307549
667319313
667492846
667587953
667628312
667657649
667664082
667700546
667702238
667714159
667861505
667874923
667893251
667934592
668382086
668485787
668498944
668519760
668568583
668602921
668651689
668864062
668870280
668951039
669001271
669136358
669210281
669224669
669399358
669431225
669660147
669704372
669743884
669773059
669967185
670044364
670088754
670106608
670165391
670264488
670453991
671049270
671099901
671233154
671259563
671347229
671528845
671607120
671611449
671866720
672079767
672104577
672267319
672441363
672572960
672669433
672715539
672743825
672796242
672809777
672961650
673401850
673584953
673585738
673597177
673683234
673685723
673692400
673836875
673984298
674347837
674450667
674454356
674501713
674628461
674689135
674797125
674863798
674910215
674954435
675007327
675132747
675167436
675168364
675318046
675571364
675649442
675918822
676031094
676113034
676200376
676285070
676360465
676387521
676442446
676521983
676525732
676736413
676760338
676784944
676879058
676891847
676921161
676938106
677062803
677066093
677085080
677499348
677538812
677653836
677674682
677701126
677850231
678026586
678146547
678192642
678252731
678361959
678475824
678505976
678734113
678754780
678769345
678780386
678908943
678915415
678945433
678973259
678995685
679225024
679227895
679235120
679372227
679465978
679626401
679705867
679962614
679976474
680201288
680274659
680653414
680777160
680935546
681008302
681056794
681291824
681313284
681347113
681384788
681395938
681431032
681588389
681593423
681679232
681749079
681757662
681793676
681921870
682000639
682112289
682176363
682210174
682250317
682365550
682373341
682382983
682702409
682713332
682889196
682905950
683141708
683370202
683425688
683509951
683571272
683722126
683791656
683935978
684079635
684088318
684238407
684378701
684521370
684579483
684614617
684719041
684764886
684825082
684847483
684847586
684987117
685206111
685238357
685474809
685476314
685794748
685890802
685965708
686019955
686051835
686057333
686170069
686203341
686373929
686423447
686498731
686611230
686870448
686882207
686993480
687135361
687258144
687376718
687491611
687513086
687632123
687672643
687678837
688001175
688002181
688124914
688171336
688195876
688499034
688519560
688537059
688987720
689048345
689071591
689163431
689250606
689286632
689357205
689456253
689491211
689491979
689694471
689764718
689812953
689944082
689963817
689969239
690108980
690114265
690159395
690217386
690217880
690242390
690288092
690395417
690672360
690769875
690834815
691074823
691204952
691274860
691295774
691492200
691510169
691783274
691815504
691817836
691892431
691933762
691990576
692003611
692037548
692050832
692210340
692335641
692360353
692368910
692598079
692729395
692848940
692922199
693210991
693272853
693451123
693457414
693482292
693552804
693606450
693715577
693761832
693764419
693841269
693923128
694282096
694355577
694404713
694440995
694558843
694613234
694728977
694770038
694788714
694861303
694937624
695012690
695069721
695107012
695253137
695270101
695305653
695505242
695525447
695538147
695713682
695961692
696200567
696250715
696260756
696266517
696332676
696529003
696708995
696838045
696952370
697023262
697149154
697169257
697294291
697318522
697608055
697820622
697833188
697879447
698175164
698176159
698279573
698355566
698411475
698517669
698543778
698558816
698642318
698652532
698735338
698873011
698981981
699209267
699252722
699414004
699447977
699479239
699514888
699580698
699641939
699773214
699877303
699906296
700003607
700117257
700134872
700223753
700503005
700537246
700570842
700660911
700715013
700724151
700748791
701046809
701203482
701383150
701539833
701587088
701594002
701623873
701851802
701990212
702115266
702257446
702383343
702472382
702582727
702695998
702780237
702825017
702967730
702992993
703058702
703156554
703167154
703323385
703344598
703466750
703538970
703708509
703802728
703854007
703884315
703890275
703954569
704039244
704297714
704404891
704484956
704705165
704815790
705042316
705097501
705108826
705355748
705494440
705601042
705640753
705723076
705785667
705823693
705848449
706073169
706186614
706231931
706506757
706696131
706866988
706999014
707025502
707038759
707093045
707252075
707283180
707303693
707409929
707427644
707486267
707653422
707757448
707994633
708090832
708132279
708168023
708344428
708518009
708576549
708820193
708825316
709235255
709281095
709284972
709308658
709360037
709380207
709708548
709778009
709970375
710039719
710075932
710306810
710554999
710592323
710942913
711098821
711127866
711384391
711404154
711476633
711487721
711546885
711608936
711635666
711959493
711964361
712364579
712404649
712406466
712414450
712419615
712423357
712444282
712537114
712542762
712636303
712929718
712984946
713017559
713035242
713221205
713225882
713336901
713445798
713449584
713605694
713656435
713658228
713687471
713992318
714139270
714196902
714405000
714433023
714604738
714845917
714885650
715009424
715025941
715086511
715156926
715284033
715296859
715368271
715555785
715657248
715798343
715819092
716120262
716192382
716261164
716405759
716451566
716558006
716693746
716706640
716717338
716863417
716891548
717101474
717257051
717273252
717476329
717495859
717702816
717742864
717752482
718072769
718178191
718205008
718212232
718303681
718381158
718436855
719054627
719111941
719251652
719267468
719546323
719573023
719608491
720232456
720248906
720349877
720515578
720807380
720817900
720821183
720831381
720955493
721158394
721218923
721220732
721285311
721317286
721357452
721380025
721383185
721462518
721731280
721739626
721740822
722002773
722091031
722167377
722229403
722367769
722383425
722414691
722445455
722462041
722825198
722854991
722857981
722894093
723058019
723442876
723464123
723466213
723574042
723735996
723741612
723822249
723852110
723855237
723934822
724008738
724082909
724098617
724165016
724177113
724257506
724334931
724393075
724441310
724625691
724648680
724663232
724779213
724870823
724876827
724909576
725101807
725108229
725143271
725383168
725456440
725512247
725512270
725556131
725590495
725615977
725755028
725969668
726001332
726016319
726147698
726260087
726272180
726314484
726914002
726935193
727203224
727258510
727277819
727342252
727492065
727581287
727601032
727602578
727646265
727682775
727760966
727842992
728064646
728460067
728536306
728590029
728654522
728747004
728811629
729369365
729620300
729736345
729759497
729761562
730058654
730201222
730290503
730338564
730374636
730422698
730443439
730598368
730676123
730978731
731135422
731164851
731292711
731311722
731344195
731360528
731438599
731540059
731568832
731591895
731638892
731790859
731950035
731960739
731987177
732132570
732252257
732263723
732283301
732472887
732538855
732576193
732607362
732827365
733000383
733088754
733203469
733245154
733397659
733501044
733729524
733836786
733848214
733914256
733982501
734026166
734097493
734233001
734363738
734566203
734566510
734570911
734573534
734619662
734720892
734755849
735244427
735475288
735479349
735489971
735538442
735612699
735711341
735716107
735773849
735815019
736487546
736726790
736815897
736830301
736971238
736988472
737013333
737071519
737118281
737568289
737985831
737987146
738065113
738248084
738323342
738528884
738601689
738652093
738770082
738837126
738986346
739106893
739183507
739470163
739508762
739544774
739864912
739954425
739974315
739994301
740040368
740108024
740128101
740354374
740496429
740592457
740630886
740848194
740906718
740958425
741361855
741373988
741568638
741580619
741901649
741944696
741951542
742190038
742412441
742969768
743131287
743571189
743878249
743953195
743999450
744290987
744357611
744373603
744495034
744533169
744593889
744751514
744810791
745000736
745144735
745166191
745208634
745235124
745254055
745287640
745298932
745304569
745322199
745452124
745565245
745580167
745584619
745601213
745689609
745795328
745824380
745899812
745928648
745947420
745989707
746019865
746035346
746169997
746327913
746468990
746769965
746775690
746814350
746961396
747016866
747038413
747225001
747239005
747273148
747277940
747469789
747491677
747554256
747598489
747776701
747862654
747934276
747996646
748000802
748285016
748310592
748313548
748642978
748786043
748813231
749076199
749280851
749283787
749407224
749472686
749846136
749858458
749879928
749946390
749989397
750359500
750413182
750486455
750503529
750515152
750678125
750690768
750860959
750960958
751091173
751100613
751161347
751334411
751361833
751416733
751451592
751623578
751741609
751896965
751938878
751945805
751950713
751960327
751974380
751977588
752379568
752464500
752502270
752554576
752578337
752675491
752818365
753072174
753073533
753171142
753285996
753316350
753557008
753583188
753704666
753798258
754008744
754016440
754058336
754243296
754315460
754602489
754697098
754764697
754813014
754868128
754907730
754920035
755057327
755222801
755364447
755392731
755585570
755667132
755681873
755840927
755929769
756000211
756037359
756052455
756170478
756276495
756333993
756343758
756593430
756710388
756762703
756899277
756950955
757085497
757179755
757221794
757350692
757435328
757503923
757533406
757767078
757770015
757968810
758022794
758093272
758097051
758116436
758136880
758325575
758477602
758599347
758653753
758722056
758787678
759132475
759173341
759382885
759473236
759480116
759630152
759779326
759924353
759978562
760010218
760024200
760189824
760467704
760492492
760566778
760932997
761191197
761319225
761329346
761345739
761359346
761740155
761790396
762290625
762316252
762374041
762380948
762387999
762435830
762460014
762465797
762863321
762905763
762988825
763428346
763454118
763482155
763609388
763656222
764223189
764285090
764380952
764388659
764414503
764476759
764531156
764883895
765021424
765148294
765483584
765514876
765581698
765625431
765815352
765842943
765965227
765978986
766160123
766243156
766435496
766475232
766527251
766536522
766713592
766851263
767047206
767134572
767135956
767137324
767475866
767479950
768170183
768319614
768357394
768785184
768818249
769000250
769015135
769092251
769221103
769293077
769347152
769367913
769395011
769483248
769695036
769744324
770034915
770091553
770144069
770294841
770317019
770381464
770394303
770425355
770531057
770720333
770994263
771182082
771351757
771399173
771420516
771476646
771500456
771579393
771636742
771638464
771908825
772028893
772219123
772223406
772283961
772328460
772712231
772718052
772944670
772959317
773085513
773253074
773259081
773424966
773541102
773658965
773714584
773859770
773998200
774216472
774242751
774584313
774661947
774715474
774742112
774855797
774867621
774888218
774891362
774895452
774915862
775040847
775336769
775530256
775712706
775731119
775797645
775855465
775956431
775979836
776069711
776083709
776097014
776256468
776330589
776632523
776714818
776727151
776788642
776935936
777019153
777119901
777486648
777486678
777726222
777891727
778111215
778164898
778323567
778373409
778469819
778689951
778715460
778807548
778949964
779005886
779035839
779376348
779570809
779606717
779626944
779722030
779728016
779914837
780068591
780145512
780306739
780325988
780493878
780695582
781002187
781165524
781288067
781437731
781519568
781577367
781587397
781589418
781622310
781741312
781808402
782001146
782108952
782207730
782760763
782873455
782925000
783150939
783220655
783386334
783477264
783539357
783689336
783709613
783803521
783976875
784099817
784117592
784303823
784350117
784572647
784665504
784884928
784941814
785515714
785618881
785964898
786057247
786074513
786145156
786260755
786278243
786489985
786558845
786731485
786919546
786950027
786973333
787217010
787244013
787475635
787522098
787562197
787589978
787812374
787828218
787844813
788084609
788167821
788828038
789211116
789253444
789381225
789800646
789988167
790086365
790107284
790295633
790420191
790457059
790473065
790603934
790857463
790960374
790985880
791005298
791026821
791214882
791284388
791306119
791310615
791389033
791406916
791557893
791597248
791691863
792003089
792295534
792309833
792402789
792509850
792657108
792663187
792760710
792801363
792852778
792884620
793043945
793244065
793707896
793749454
793824764
793871985
793976375
794042983
794083243
794222354
794408889
794571080
794583903
794590027
794767657
794861058
794864762
794970061
795027921
795133931
795345513
795418191
795563575
795673899
795838426
796074390
796145346
796251808
796303215
796409044
796437333
796783990
796807498
796902585
796946925
797043813
797280817
797295079
797347312
797403705
797517298
797557935
797729638
797787658
797805621
798097200
798181369
798209723
798231337
798467199
798671176
798726836
798786858
798932978
798940261
798988310
799040363
799237491
799260493
799615937
799701091
799735937
799751481
799800457
799915247
799943954
800138124
800148189
800202706
800223724
800355894
800439344
800456782
800618096
800793418
800844892
800892872
800896112
801083504
801142547
801215603
801230506
801434663
801467899
801479633
801612586
801640776
801746113
801839200
801859778
802249863
802277346
802394954
802500243
802502243
802504846
802547740
802628119
802669482
802816328
802838630
802902327
802905555
802976596
803039829
803047106
803187052
803610190
803707254
803771211
803822060
804087534
804100795
804140824
804191787
804247630
804338299
804474375
804497700
804608431
804929198
804964259
805072007
805117335
805168247
805285370
805402987
805448014
805487747
805546785
805785498
805836553
805911687
805991083
806347924
806468466
806725445
807017310
807425350
807449928
807550534
807662957
807836079
808045187
808096486
808179611
808367445
808463522
808521095
808564530
808792768
808799834
808888138
808902483
808947650
809104539
809255215
809346468
809372604
809380931
809477339
809579639
809616634
809670600
809783520
809862419
810059884
810070167
810234478
810394152
810534544
810629571
810631152
810817758
810926785
811017032
811537956
811635233
811640738
811779509
811872312
811950084
812030986
812289166
812430023
812904433
813019717
813121974
813292183
813642584
813654199
813680822
813812142
814003600
814146122
814192669
814542784
814575344
814598861
814608085
814702638
815295747
815356619
816188638
816234990
816422053
816504080
816529467
816708956
816944344
816991579
817100383
817159451
817242149
817262613
817458224
817662545
817755243
817968174
818028818
818389195
818475494
818740710
818750701
818794125
819144772
819194533
819197264
819221747
819481755
819632504
819661897
819740888
819751770
819784733
819790075
819852747
819883389
819948690
820425458
820645633
820679073
820801968
820810695
820850204
820948877
821040131
821084314
821087019
821151112
821232166
821447137
821493607
821680826
821719057
821848600
821875467
822086167
822350817
822386414
822423983
822534438
822541369
822591805
822622221
822628774
822674336
822927790
822943321
822944451
823234113
823272210
823399975
823547329
823610217
823733193
824021126
824054377
824119202
824133402
824142045
824229977
824347899
824409275
824470933
824518624
824566731
824804467
824932145
825012377
825095622
825123350
825188027
825196076
825198645
825411533
825504075
825518041
825567329
825689413
825800268
826025880
826195204
826448233
826482346
826586397
826613812
826842272
826882419
827077225
827164816
827295572
827465681
827583482
827695372
827724542
827969198
827971414
828019042
828075247
828150201
828392023
828579513
828634005
828648564
828657575
828692228
828782457
828874633
829170244
829395574
829479905
829672764
829829797
829987556
830008394
830206745
830402773
830463743
830478097
830576885
830604460
830696025
830696942
830904762
831014182
831190553
831249904
831272183
831544740
831573151
831927977
832104769
832332629
832367100
832497280
832632269
832635608
832687551
832690830
832956195
833277471
833587890
833587906
833605959
833618219
833730324
833780554
833896009
833919579
833983597
834011241
834067257
834102446
834135549
834279697
834337357
834432346
834681203
834723758
834832016
834941781
835016385
835123915
835249104
835304514
835563931
835579470
835731470
836104189
836411961
836454225
836517803
836565106
836583126
836614487
836615745
836620034
836742583
836789689
836828286
836894874
837098732
837218140
837234480
837372342
837400992
837526792
837550519
837721324
837760267
837809273
837988901
838037469
838097801
838221466
838326278
838360154
838389637
838571176
838628312
838884053
839283023
839334875
839338381
839489802
839704795
839807166
839852771
840064341
840065392
840311842
840418864
840477136
840523005
840872422
840906591
841069486
841145230
841178728
841199970
841218310
841238088
841296952
841317880
841338760
841492379
841571224
841666660
842059202
842071822
842100690
842102258
842122251
842122613
842244089
842329924
842576772
842605820
843169984
843634977
843771448
843900394
843901415
843912292
844050143
844136451
844142211
844146109
844157369
844211055
844311464
844416147
844461029
844627093
844708595
844758193
844786418
844856593
844969381
844974534
845072867
845229636
845290552
845312843
845340754
845729580
845865787
846120730
846323060
846350901
846416526
846418466
846451507
846673613
846778925
846852503
847215446
847327356
847440924
847746271
847864532
847929281
848296103
848325190
848381201
848598757
848684517
848710963
848738662
848783952
848797579
848844638
848947484
848951173
849041162
849042663
849418912
849473862
849499363
849693850
849902406
850000692
850112972
850338469
850356266
850675559
850936908
851093367
851371946
851377142
851812403
852161833
852204874
852427630
852698043
852751626
852833872
852842708
852909101
853055930
853067505
853380069
853465416
853586522
853619012
853733581
854414548
854465293
854544978
854565357
854645569
854656678
854927362
855097088
855111040
855623920
855651874
855901879
856217313
856262988
856268304
856363957
856413912
856480532
856601753
857072064
857074666
857105308
857135595
857186984
857239552
857260938
857393331
857451738
857577230
857823798
857975133
858087271
858193537
858199341
858250254
858478854
858619519
858632747
858652329
858718701
858751480
858945900
858949799
859116535
859227895
859273665
859382765
859467335
859938254
860056466
860088004
860122916
860161324
860550028
860586307
860647374
860883378
861019673
861059399
861185160
861335611
861352396
861748951
862394003
862482205
862493711
862535593
862587343
862599985
862761360
862821348
862920052
863086269
863165951
863272758
863347249
863395089
863795940
863806938
863854433
863887712
863940736
864006004
864009996
864109529
864138289
864294110
864685102
864793728
864929645
864954046
864961130
865004497
865006867
865054412
865259161
865485329
865492500
865656157
865661211
865685691
865691719
865787591
865801665
865815212
865930099
866149548
866233429
866510820
866627126
866716651
866908396
866921833
866979662
866996363
867007153
867023654
867483053
867507066
867633362
867672816
867676546
867815343
867855053
868042502
868073116
868269387
868385951
868447155
868604147
868637510
868738911
868864047
868880441
868999881
869007443
869020056
869586635
869649033
869767926
869849855
869852449
869890779
869891747
869984987
870016072
870119573
870178745
870190587
870295713
870540847
870588819
870596655
870656340
870662870
870847448
870936714
870974062
871123931
871262281
871364373
871526669
871537376
871628732
871637066
871803803
871882835
872261875
872279310
872486126
872654909
872656590
872844131
872989473
873059454
873115474
873152582
873200805
873201899
873225264
873307874
873445055
873717844
873794170
873794955
873999077
874084235
874143513
874361112
874442156
874566239
874617015
874675587
875045019
875130165
875139159
875259933
875305917
875378457
875544324
875767683
876057679
876232357
876270862
876330153
876354074
876521939
876724702
876735367
876757685
876854535
876937460
877327376
877362329
877380839
877490942
877564865
877665883
877787596
877902337
878401397
878878204
878879528
878983990
878985636
879324413
879397123
879599201
879658702
879673741
879843026
879883022
880013916
880075064
880145984
880192999
880328860
880686524
880756321
880942711
881152772
881154377
881202294
881363314
881545699
881878056
881906618
881992338
882016775
882149432
882221750
882247780
882269711
882484192
882551289
882932619
883077695
883104815
883307187
883400973
883457121
883728934
883867520
884024283
884096582
884108004
884239022
884493052
884567948
884575914
884692825
884758717
884780081
884786182
884987206
885067112
885078840
885181999
885269839
885382228
885425695
885448346
885584174
885607213
885770818
885806916
885934851
885979175
886526056
886562199
886720029
886849760
887102750
887176345
887231822
887301021
887303657
887311556
887314896
887427138
887489760
887605559
887658056
887757749
887858613
887910187
888043672
888073050
888458731
888488042
888577017
888612547
888736118
888876116
888965853
889003281
889113031
889131983
889189982
889343325
889402443
889435743
889582418
889738502
889786204
889883822
889930153
889958833
890493599
890581713
890614076
890676631
890950473
890965306
891059613
891064598
891204987
891356793
891370734
891557430
891727701
892054122
892065819
892260136
892324648
892567352
892844648
893013173
893302137
893488498
893654769
893909536
894157404
894308180
894480719
894485862
894626093
894930861
895035190
895250062
895458095
895624440
895658525
895667832
895752553
895760535
895897742
895914781
896007734
896080836
896335151
896435417
896446161
896457509
896653146
896717233
897309173
897364190
897387427
897463510
897693476
897794503
897812629
897847891
897887894
897941983
898040434
898120067
898196958
898315821
898411356
898529185
898572143
898579794
898631701
898662261
898670602
898819719
898881230
899069976
899078073
899234819
899449555
899631121
899683416
899825353
899877194
900018650
900078915
900136162
900242331
900291992
900401657
900471150
900544812
900751310
900961869
901416562
901576879
901687273
901689725
901748190
901800403
901891655
901982943
902017178
902030083
902104096
902231719
902394516
902441782
902519815
902605405
902634415
902902803
903015764
903185236
903286203
903457373
903465512
903483929
903526224
903708069
903745275
903930331
904038244
904079202
904103814
904150168
904412606
904451106
904606452
904935414
905023958
905085563
905149861
905188222
905211135
905300259
905304278
905720065
905774783
905859034
906235182
906562219
906638924
906643758
906866103
907042641
907108868
907136802
907149090
907232034
907256122
907365695
907526941
907572798
907733475
907963388
907984375
908015135
908037599
908120467
908143976
908925289
909027496
909037426
909085711
909114708
909232015
909309406
909312903
909483205
909489919
909624964
909654734
909766259
909790482
910024496
910050088
910110498
910263848
910325421
910389952
910400312
910438559
910700754
910737855
910863981
910875147
910886264
911093847
911187675
911332758
911611127
911874791
912000962
912009321
912113484
912123856
912162672
912242054
912305787
912342316
912462917
912511778
912535782
912588539
912615563
912709644
912922167
913043113
913065303
913137080
913151746
913156192
913246163
913249312
913691324
913874292
913993713
913999701
914087605
914197038
914200959
914328720
914370959
914461268
914462433
914569656
914692251
914707767
914714971
914915842
915080552
915991115
916155421
916171016
916268646
916304377
916714923
916785686
916955721
917033315
917044766
917354230
917433314
917647474
917719116
917825437
917830172
917903879
918179116
918198305
918213151
918344850
918420271
918420635
918549679
918633280
918785428
918885310
919113262
919448194
919612851
919632123
919688421
919690386
919710133
919719650
920020359
920573829
920624926
920813187
920879671
921100638
921137534
921183194
921193314
921302097
921480931
921507370
921533802
921720240
921781901
921825715
921962119
922031244
922224031
922232965
922279185
922311639
922499221
922559474
922580451
922642682
922789308
922851294
922918547
922946293
922984327
923028793
923079254
923079642
923100252
923305143
923514735
923586586
923665557
923671833
923869369
923883128
923943906
923949170
924108288
924196904
924287090
924389487
924580267
924673047
924760636
924828168
924983345
925248581
925329997
925414189
925649882
925879947
925964736
926162924
926178757
926248860
926358365
926463151
926512387
926584828
926675669
926786080
926883092
926926188
926979114
927050962
927080732
927298008
927339107
927463436
927527830
927587752
927669274
927820906
927853742
927854235
928017462
928044446
928164176
928215699
928233001
928251429
928501680
928737020
928757633
928767197
928827198
929069615
929150339
929294336
929307274
929439508
929463156
929665944
929720903
929904327
930037989
930172157
930252218
930391452
930421636
930474136
930528303
930531686
930543152
930654755
930912000
930926536
931037622
931068706
931105478
931117251
931155549
931185015
931249272
931268266
931421978
931653688
931873352
932150771
932230294
932348863
932489541
932508717
932650331
932667865
932767494
932894476
932896225
932908099
933022514
933114912
933236239
933240389
933276233
933551948
933619074
933665058
933736495
933753346
933796933
933861831
934068795
934134760
934214049
934526101
934526463
934743107
934821728
935016788
935158298
935170576
935374214
935628629
935726974
935789383
935976577
936000978
936357426
936357935
936459042
936472684
936499255
936508579
936513519
936607183
936902798
937168068
937552846
937590228
937597089
937660538
937712746
937729569
937749466
937766646
938175168
938187259
938270024
938351416
938443252
938718619
938850461
938927351
939025516
939090001
939247067
939255432
939351638
939447517
939471344
939607595
939629356
939653158
940160544
940165274
940212865
940465014
940470417
940545223
940620403
940625673
940660831
940720972
940737650
940750933
940863279
940882098
940895663
940942656
941061089
941131352
941150804
941332490
941350388
941488738
941858510
941861668
942814820
942827165
942892441
943017389
943067332
943114215
943264545
943320326
943355388
943368852
943401741
943482596
943518010
943522410
943847714
943987445
944058674
944114076
944216249
944240387
944302097
944427079
944454857
944507071
944593118
944669472
944821243
944866633
944975179
945006773
945260982
945319799
945395074
945504408
945738653
945741736
946105172
946335545
946417242
946457556
946482442
946510191
946512984
946669169
946780107
946860697
946976022
947134967
947223193
947230545
947330903
947408962
947505871
947920419
947933724
948048226
948144343
948172311
948217934
948317662
948401647
948511958
948627129
948683412
948705314
948807700
948884371
949052482
949124289
949156618
949215615
949247367
949549842
949612245
949667398
949864687
950098574
950145821
950517210
950581623
950900664
950944893
950947455
951084229
951094317
951618510
951805248
952058367
952059277
952095632
952366336
952521460
952542711
952553804
952961445
953061544
953110070
953259436
953433331
953748847
953934243
954037545
954168118
954256908
954405222
954496420
954529222
954549565
954693599
954851688
954897617
955060586
955385946
955401395
955425382
955505208
955543999
955588527
955589178
955744277
955795512
955880710
956281339
956295342
956443258
956514111
956541254
956814092
956867528
957010645
957191554
957201783
957338941
957407736
957517372
957577991
957606586
957691323
957811220
957874837
957896205
957908186
957993533
958075505
958086762
958189638
958265751
958320773
958355280
958463903
958467987
958589793
958820137
959094376
959125284
959264234
959271677
959358424
959398109
959447158
959491015
959535400
959573498
959708821
960024223
960067483
960239537
960373416
960395167
960427694
960513762
960526686
960528557
960556506
960729010
960732039
960854767
961080715
961298963
961470520
961488862
961658670
961820623
961943273
962130588
962132710
962147801
962235915
962409188
962443271
962501470
962542176
962607764
962820380
962983610
963008683
963033672
963092285
963113910
963142384
963607095
963746272
963798787
963815407
963863271
963891566
963943673
964053346
964082411
964095557
964443421
964481487
964535203
964536546
964575242
964792925
964949972
964975931
965078159
965081563
965149814
965159164
965214707
965314071
965363687
965464857
965720208
965817130
966060672
966071398
966228129
966376173
966414284
966467150
966676799
966875049
966879501
966881362
966891875
967058355
967190700
967478286
967503999
967505711
967543662
967833148
967992344
967997593
968019467
968291420
968377276
968418196
968418238
968539085
968595522
968715794
968749904
968837064
968864790
969115936
969312838
969367381
969414079
969466949
969796185
969800228
969905719
969912521
969959202
969963852
970042594
970245347
970268320
970284330
970297512
970648833
970690824
970727314
970789331
970921107
970955949
971101133
971273711
971363297
971642160
971731679
971745703
971859174
971882325
971978101
972051352
972154995
972157776
972185803
972460315
972498354
972594989
972642251
972780050
972935482
973027090
973047690
973058238
973138573
973160807
973181019
973324705
973618771
973739160
973792382
973824434
973831294
973937045
973994928
974033729
974332068
974399065
974536271
974616444
974683824
974761866
974850100
975036959
975067163
975082342
975092161
975355210
975389705
975543342
975574404
975675448
975977359
976222848
976273295
976282773
976376981
976585778
976680406
976903137
977069091
977094617
977114304
977264022
977470478
977599023
978170894
978269354
978314188
978333037
978383838
978409763
978412049
978535499
978543021
978742586
978779480
978832150
978888259
978988845
978999411
979013205
979131273
979191507
979437586
979449041
979585547
979657320
979724936
979927038
980167518
980236858
980273649
980682858
980771941
980807178
980840202
981113922
981464586
981589216
981864537
981873859
981940433
981970965
982117987
982148902
982164352
982192079
982318851
982349955
982399985
982419914
982433249
982464116
982470474
982638616
982654741
982690998
982691114
982769962
982800837
982842890
982952758
982974092
983036756
983046492
983087320
983098001
983267683
983468109
983485252
983611235
983623477
983633344
983707022
983713955
983889039
984094149
984134747
984231554
984268143
984296684
984306714
984385931
984393008
984394602
984513828
984540686
984678896
984759502
984839290
984963384
985093517
985113234
985157816
985204963
985241279
985282169
985374150
985740018
985743882
985834219
986036267
986192497
986213488
986390206
986424823
986649009
986717905
987052111
987125315
987278064
987455509
987499915
987650735
987675370
987771557
987908146
987934520
988013394
988239588
988267247
988528841
988663700
988693279
988724731
988741418
988993927
989015398
989019517
989405839
989443672
989692467
989765859
989776077
989940129
989997257
990024107
990043055
990184872
990218207
990242664
990433394
990481810
990754087
990754767
990923582
991147800
991486014
991514865
991765636
991792372
991836267
991887678
992121796
992532306
992579123
992594394
992707642
992779965
992881678
992897702
992898506
992935180
992936401
993008329
993233453
993283978
993346775
993531423
993864466
993864846
994080460
994128161
994129741
994500432
994707707
995126753
995167752
995205264
995276024
995322665
995350632
995737146
995808956
996223781
996302230
996373329
996395723
996593947
996610476
996624199
997092670
997096147
997161819
997733239
997919905
997987071
998245078
998281931
998325210
998605222
998665983
998805615
998833286
998948011
999038564
999096024
999215750
999486202
999506528
999528926
999544727
999580494
999970097
