1000
474684062
137715116
473010344
193609856
21442057
468510405
640043125
962754565
973447721
546263025
40117404
80086682
709705455
574048316
616747240
964676504
729451597
176511616
634800482
303678130
443557267
941217149
562798925
667962534
95801116
807344383
13392690
150232653
162927403
699200604
290410842
637611465
836915720
763421186
683737673
858357778
84447944
176297151
673628695
910412017
722560176
566262451
990498699
432265631
140310767
607245939
249458487
722278716
783757556
736775321
25956846
79831175
530508823
441272123
600310062
478826291
101132858
613702752
629058944
264060262
312903356
771986138
754188079
2335429
387923676
437925753
860693207
472371620
614222904
534321902
235299989
189299432
100584353
225798689
621565063
93411472
685560980
723539902
668206540
321834888
460315224
546679738
401666064
990824047
987951862
1976126
322166690
89084720
468195230
951225634
205661334
781098587
575728124
959849414
783434016
963651800
250291519
496643575
288539773
717030775
30965477
523839762
906330207
984066182
749638451
380411622
929994006
287715784
103951524
450716898
609550672
416783100
997396636
11216736
260123499
837864850
865709214
582290189
779465923
186420797
386032175
985127257
967519384
961760299
797493023
603469752
925412100
900300894
100113327
66468225
617331669
983595156
590307987
376178228
820177690
192462791
756589850
602688048
480178575
860541375
53404946
89729247
129840827
903317934
953462336
389964327
741182785
671687902
972254516
373165060
858108699
358286692
210808669
678144435
172563343
8301693
134130539
97975443
761118939
86760218
16960020
230966961
70355374
607268008
607145189
743049416
799730799
363735040
198253816
279909374
76792767
104175114
222154973
206633594
7493049
175617309
596597921
601192186
847305212
421368790
974357246
557930263
779655482
37682267
236074699
952218825
45983960
370205238
902710621
659619252
456965457
919670641
890586213
379837183
379455001
497731402
975402952
179185800
713982794
26173120
311611526
790775561
130348235
533766500
849925508
990357636
709383809
299039781
444066174
409205373
720408571
270939772
967135637
352580405
308622039
55726688
157315583
207122352
278448278
60026204
866741604
735413735
832213197
757327817
967767271
64184551
107575571
943170223
243370351
821558366
969343343
554981878
464850279
952207930
88748378
167292139
942565566
650648539
466331921
239148092
912370265
186740492
510087864
732022254
539320898
818709904
787748942
696636481
25832256
66197220
609179037
892573860
654127308
293908586
502418029
474410931
358093137
462509952
270097506
453979841
136584670
91957201
8961719
601434950
44165132
950226449
768727089
839247050
453391340
87575362
78395143
218277957
274315855
588483007
950300211
666153105
259709263
590565505
215305938
285541519
509279078
824484975
30631731
15922738
970909913
385566112
490333669
181519403
848076065
760431175
635499244
984660735
852388376
496977315
438612037
896553508
299720116
59855479
588316911
753111456
147430841
666712054
971389414
421746696
107711413
774205977
87899801
367420677
364771483
155722091
505478548
874050561
980207066
536110280
889973299
803633332
921676392
232823320
985152735
622268809
993254495
620651979
606929545
845642871
117629294
45541582
594712732
269865762
105397061
35545995
22977218
105344255
702258049
846882984
527090951
662485814
473605314
467507105
29906491
838376797
623229196
387901392
564943710
455952615
924011672
307433361
112102299
698204416
540256681
97255034
172989578
386027528
570423365
779919123
84186751
540569011
677977057
678899483
810434773
635890471
714445478
685928343
741234726
269219879
385327680
120842029
931705694
858932994
440865486
814128537
549826143
64094683
54546281
114769853
372563650
978557953
274719566
484665949
529278722
667492599
434437335
702268300
53520127
4860700
334703775
137706878
545429711
865197184
669122714
208380836
353604007
236084544
894309179
94838733
505304424
279636859
68197115
289526470
138569853
509062601
956171359
540912348
425673636
10717641
508198553
650753638
841791946
782918119
135419587
223587020
302927070
422373274
925855320
356447197
427233974
113075447
346670428
825180037
978272632
15793142
33560873
184392991
251877686
927870053
131748077
609698462
60023264
199945192
899224932
51109470
561524145
707912644
592021818
987197782
718630285
100220372
490467772
412938583
735654843
478403712
636525604
38581914
900776986
414897276
247545463
180527313
527972724
594215891
5707350
358761708
462525385
39268224
543154699
714403072
819654629
674902776
176617886
732194245
727364320
75842819
783303715
288888466
636271815
227841886
128602600
207418452
180578610
619070372
620357035
768749805
97474084
256882639
659848071
850767423
671779916
907393535
31294736
52268992
354125778
37002086
263547052
816651164
928786662
806701751
383570588
600957643
334120880
560188474
185668241
61485200
488547645
968971956
202890018
124819460
49330194
184008970
184754264
82425156
803079343
805111300
851174962
753069779
61993939
511023033
456353554
586290207
270932920
487648290
491075551
477575051
377166729
754622603
146742567
158469743
413840707
530313155
611943739
747961587
943017981
797611980
661963139
284081979
619100288
717369510
261417791
668430483
901378480
446172056
750855639
556974175
251283356
454546953
162560307
165793647
965569987
618913861
604600207
89019259
106562152
95675758
566594310
336245233
850298362
713336877
347231328
116655421
96166384
959175067
864617008
39184366
756787047
379096499
175782697
228403688
96466009
437200488
896834171
850360842
883372544
500206162
407335017
134655900
954753116
569895324
152965900
772839455
41325538
757566107
714375066
404042
705758217
133485729
336649275
408572931
846822606
683880603
525228352
795505343
495572023
242361712
687206061
104875422
621458212
862988758
333279110
570440573
300189246
82629633
273317767
36078143
582835796
680652785
23250395
390105264
103064461
176216295
15461071
144389999
786298754
729836137
144794041
492056972
863321866
333959668
900629903
562660825
17840272
278374608
210682520
365928647
520736320
897888581
470804069
142194532
760877339
804083180
565151458
913582937
886712813
838469225
949661080
322064961
371638362
972911476
712170225
327219176
1644123
580147648
471609175
787942878
162500138
468919569
132516202
25822004
802879237
33146105
440999181
673235861
164037065
651681701
39164508
684773386
402086634
509968578
679484270
15480325
166568110
97152080
929063263
53280923
935621306
878724343
375345885
159776020
704152171
940032462
486995196
705796295
520180111
811120724
493739173
682680249
280040293
626255375
561018605
82919530
511917832
854534139
608671744
675954898
358732192
647836252
213244636
760818827
10321182
892728906
776299152
176889292
989880987
705362415
82686568
778018645
436603111
458032453
937794665
140755282
250581267
277306214
699067929
770761378
88426938
45323454
305957979
220983583
671578829
719492937
156419465
36013014
574027076
765091209
564484264
932759268
265443814
777728900
546094447
128281348
670457806
322393600
305170641
512855145
880272367
387857209
290873790
169391830
698406014
81184808
162663465
948987281
211007374
861731394
572265012
151950664
907054849
878222991
372934247
431150030
450232280
381870064
467163044
24259356
146961274
31647308
809534977
264921440
661892560
208145776
393202788
184866719
530539376
550889781
697721864
263328096
938746990
988595655
432719926
489669356
922296815
595383391
438656638
133304189
457114786
10921650
285254853
216685987
741660993
510705452
647836017
44409626
892575516
114999062
68668982
892053142
999162722
730720311
9490934
513571635
938866088
402693723
698438354
321921816
953583504
396160218
585249912
744846847
237272225
17969839
87032555
12085392
465869582
525689193
145389581
922984368
389127195
283160786
139670355
983304541
793866238
640022725
27714167
686441755
607538139
948899501
431011249
459217213
532136165
440502184
972788848
323518605
843195907
671227202
645440421
649295763
919903773
83206686
246658962
9692350
953692877
333691518
21777743
419562459
711897063
167167324
195063180
101024259
450328111
187249887
936845152
96710701
827272612
964559319
783152456
287327103
765975172
66680058
746544317
298111337
507182242
719333165
621629942
202894501
243076720
119586716
852190264
15496845
55309754
951365579
25189195
9002631
137573449
46966938
281081442
849470512
214134263
476144622
803011123
516978726
515910862
739856275
613689427
195699826
556931946
249358236
483026930
175423471
316038294
229571247
473534808
823220536
801420764
947681103
26115037
44497484
67267819
730821653
59994329
122577573
682187232
85183525
984096556
819760681
132150463
265177998
521747546
198801078
593838973
324758669
715779804
109749835
917131297
181985584
305449661
326579595
431343820
788476591
502003066
747382114
870564190
975537875
570602650
671984955
775735330
449234039
568998791
695519501
180055692
481509473
670613426
714759277
419209350
654709982
387036310
403876165
772404332
908783856
455193596
366243305
86058878
23489752
328509492
3190175
205475336
633959154
329769770
636819156
274952097
831772837
384201270
145516288
659827064
807320272
670017595
288078746
256554311
91532738
983598247
289126356
425558563
654211673
3885633
844767913
161438007
390921943
101160431
933842339
152222152
556354027
152601997
238281030
579843779
481111489
241471205
785319116
967586995
423757327
274654624
95055445
108046516
658855895
93088085
767873580
318692519
763105680
55952326
575246831
707154770
892066925
864373187
132713334
398794950
720775172
829997599
560232957
111697115
931158030
346591649
116435619
340028409
351709998
354716649
772388541
832821487
596187854
410224009
652924835
19945182
684878633
747980280
127991698
196250880
841068365
748381631
514943400
456690397
656850309
90190231
163845167
401433587
807079770
149074853
800228537
380371294
979072453
212977847
344584761
762746835
559569496
461020381
102775245
911279494
815737030
