100
474684062
137715116
473010344
193609856
21442057
468510405
640043125
962754565
973447721
546263025
40117404
80086682
709705455
574048316
616747240
964676504
729451597
176511616
634800482
303678130
443557267
941217149
562798925
667962534
95801116
807344383
13392690
150232653
162927403
699200604
290410842
637611465
836915720
763421186
683737673
858357778
84447944
176297151
673628695
910412017
722560176
566262451
990498699
432265631
140310767
607245939
249458487
722278716
783757556
736775321
25956846
79831175
530508823
441272123
600310062
478826291
101132858
613702752
629058944
264060262
312903356
771986138
754188079
2335429
387923676
437925753
860693207
472371620
614222904
534321902
235299989
189299432
100584353
225798689
621565063
93411472
685560980
723539902
668206540
321834888
460315224
546679738
401666064
990824047
987951862
1976126
322166690
89084720
468195230
951225634
205661334
781098587
575728124
959849414
783434016
963651800
250291519
496643575
288539773
717030775
