10000
474684062
137715116
473010344
193609856
21442057
468510405
640043125
962754565
973447721
546263025
40117404
80086682
709705455
574048316
616747240
964676504
729451597
176511616
634800482
303678130
443557267
941217149
562798925
667962534
95801116
807344383
13392690
150232653
162927403
699200604
290410842
637611465
836915720
763421186
683737673
858357778
84447944
176297151
673628695
910412017
722560176
566262451
990498699
432265631
140310767
607245939
249458487
722278716
783757556
736775321
25956846
79831175
530508823
441272123
600310062
478826291
101132858
613702752
629058944
264060262
312903356
771986138
754188079
2335429
387923676
437925753
860693207
472371620
614222904
534321902
235299989
189299432
100584353
225798689
621565063
93411472
685560980
723539902
668206540
321834888
460315224
546679738
401666064
990824047
987951862
1976126
322166690
89084720
468195230
951225634
205661334
781098587
575728124
959849414
783434016
963651800
250291519
496643575
288539773
717030775
30965477
523839762
906330207
984066182
749638451
380411622
929994006
287715784
103951524
450716898
609550672
416783100
997396636
11216736
260123499
837864850
865709214
582290189
779465923
186420797
386032175
985127257
967519384
961760299
797493023
603469752
925412100
900300894
100113327
66468225
617331669
983595156
590307987
376178228
820177690
192462791
756589850
602688048
480178575
860541375
53404946
89729247
129840827
903317934
953462336
389964327
741182785
671687902
972254516
373165060
858108699
358286692
210808669
678144435
172563343
8301693
134130539
97975443
761118939
86760218
16960020
230966961
70355374
607268008
607145189
743049416
799730799
363735040
198253816
279909374
76792767
104175114
222154973
206633594
7493049
175617309
596597921
601192186
847305212
421368790
974357246
557930263
779655482
37682267
236074699
952218825
45983960
370205238
902710621
659619252
456965457
919670641
890586213
379837183
379455001
497731402
975402952
179185800
713982794
26173120
311611526
790775561
130348235
533766500
849925508
990357636
709383809
299039781
444066174
409205373
720408571
270939772
967135637
352580405
308622039
55726688
157315583
207122352
278448278
60026204
866741604
735413735
832213197
757327817
967767271
64184551
107575571
943170223
243370351
821558366
969343343
554981878
464850279
952207930
88748378
167292139
942565566
650648539
466331921
239148092
912370265
186740492
510087864
732022254
539320898
818709904
787748942
696636481
25832256
66197220
609179037
892573860
654127308
293908586
502418029
474410931
358093137
462509952
270097506
453979841
136584670
91957201
8961719
601434950
44165132
950226449
768727089
839247050
453391340
87575362
78395143
218277957
274315855
588483007
950300211
666153105
259709263
590565505
215305938
285541519
509279078
824484975
30631731
15922738
970909913
385566112
490333669
181519403
848076065
760431175
635499244
984660735
852388376
496977315
438612037
896553508
299720116
59855479
588316911
753111456
147430841
666712054
971389414
421746696
107711413
774205977
87899801
367420677
364771483
155722091
505478548
874050561
980207066
536110280
889973299
803633332
921676392
232823320
985152735
622268809
993254495
620651979
606929545
845642871
117629294
45541582
594712732
269865762
105397061
35545995
22977218
105344255
702258049
846882984
527090951
662485814
473605314
467507105
29906491
838376797
623229196
387901392
564943710
455952615
924011672
307433361
112102299
698204416
540256681
97255034
172989578
386027528
570423365
779919123
84186751
540569011
677977057
678899483
810434773
635890471
714445478
685928343
741234726
269219879
385327680
120842029
931705694
858932994
440865486
814128537
549826143
64094683
54546281
114769853
372563650
978557953
274719566
484665949
529278722
667492599
434437335
702268300
53520127
4860700
334703775
137706878
545429711
865197184
669122714
208380836
353604007
236084544
894309179
94838733
505304424
279636859
68197115
289526470
138569853
509062601
956171359
540912348
425673636
10717641
508198553
650753638
841791946
782918119
135419587
223587020
302927070
422373274
925855320
356447197
427233974
113075447
346670428
825180037
978272632
15793142
33560873
184392991
251877686
927870053
131748077
609698462
60023264
199945192
899224932
51109470
561524145
707912644
592021818
987197782
718630285
100220372
490467772
412938583
735654843
478403712
636525604
38581914
900776986
414897276
247545463
180527313
527972724
594215891
5707350
358761708
462525385
39268224
543154699
714403072
819654629
674902776
176617886
732194245
727364320
75842819
783303715
288888466
636271815
227841886
128602600
207418452
180578610
619070372
620357035
768749805
97474084
256882639
659848071
850767423
671779916
907393535
31294736
52268992
354125778
37002086
263547052
816651164
928786662
806701751
383570588
600957643
334120880
560188474
185668241
61485200
488547645
968971956
202890018
124819460
49330194
184008970
184754264
82425156
803079343
805111300
851174962
753069779
61993939
511023033
456353554
586290207
270932920
487648290
491075551
477575051
377166729
754622603
146742567
158469743
413840707
530313155
611943739
747961587
943017981
797611980
661963139
284081979
619100288
717369510
261417791
668430483
901378480
446172056
750855639
556974175
251283356
454546953
162560307
165793647
965569987
618913861
604600207
89019259
106562152
95675758
566594310
336245233
850298362
713336877
347231328
116655421
96166384
959175067
864617008
39184366
756787047
379096499
175782697
228403688
96466009
437200488
896834171
850360842
883372544
500206162
407335017
134655900
954753116
569895324
152965900
772839455
41325538
757566107
714375066
404042
705758217
133485729
336649275
408572931
846822606
683880603
525228352
795505343
495572023
242361712
687206061
104875422
621458212
862988758
333279110
570440573
300189246
82629633
273317767
36078143
582835796
680652785
23250395
390105264
103064461
176216295
15461071
144389999
786298754
729836137
144794041
492056972
863321866
333959668
900629903
562660825
17840272
278374608
210682520
365928647
520736320
897888581
470804069
142194532
760877339
804083180
565151458
913582937
886712813
838469225
949661080
322064961
371638362
972911476
712170225
327219176
1644123
580147648
471609175
787942878
162500138
468919569
132516202
25822004
802879237
33146105
440999181
673235861
164037065
651681701
39164508
684773386
402086634
509968578
679484270
15480325
166568110
97152080
929063263
53280923
935621306
878724343
375345885
159776020
704152171
940032462
486995196
705796295
520180111
811120724
493739173
682680249
280040293
626255375
561018605
82919530
511917832
854534139
608671744
675954898
358732192
647836252
213244636
760818827
10321182
892728906
776299152
176889292
989880987
705362415
82686568
778018645
436603111
458032453
937794665
140755282
250581267
277306214
699067929
770761378
88426938
45323454
305957979
220983583
671578829
719492937
156419465
36013014
574027076
765091209
564484264
932759268
265443814
777728900
546094447
128281348
670457806
322393600
305170641
512855145
880272367
387857209
290873790
169391830
698406014
81184808
162663465
948987281
211007374
861731394
572265012
151950664
907054849
878222991
372934247
431150030
450232280
381870064
467163044
24259356
146961274
31647308
809534977
264921440
661892560
208145776
393202788
184866719
530539376
550889781
697721864
263328096
938746990
988595655
432719926
489669356
922296815
595383391
438656638
133304189
457114786
10921650
285254853
216685987
741660993
510705452
647836017
44409626
892575516
114999062
68668982
892053142
999162722
730720311
9490934
513571635
938866088
402693723
698438354
321921816
953583504
396160218
585249912
744846847
237272225
17969839
87032555
12085392
465869582
525689193
145389581
922984368
389127195
283160786
139670355
983304541
793866238
640022725
27714167
686441755
607538139
948899501
431011249
459217213
532136165
440502184
972788848
323518605
843195907
671227202
645440421
649295763
919903773
83206686
246658962
9692350
953692877
333691518
21777743
419562459
711897063
167167324
195063180
101024259
450328111
187249887
936845152
96710701
827272612
964559319
783152456
287327103
765975172
66680058
746544317
298111337
507182242
719333165
621629942
202894501
243076720
119586716
852190264
15496845
55309754
951365579
25189195
9002631
137573449
46966938
281081442
849470512
214134263
476144622
803011123
516978726
515910862
739856275
613689427
195699826
556931946
249358236
483026930
175423471
316038294
229571247
473534808
823220536
801420764
947681103
26115037
44497484
67267819
730821653
59994329
122577573
682187232
85183525
984096556
819760681
132150463
265177998
521747546
198801078
593838973
324758669
715779804
109749835
917131297
181985584
305449661
326579595
431343820
788476591
502003066
747382114
870564190
975537875
570602650
671984955
775735330
449234039
568998791
695519501
180055692
481509473
670613426
714759277
419209350
654709982
387036310
403876165
772404332
908783856
455193596
366243305
86058878
23489752
328509492
3190175
205475336
633959154
329769770
636819156
274952097
831772837
384201270
145516288
659827064
807320272
670017595
288078746
256554311
91532738
983598247
289126356
425558563
654211673
3885633
844767913
161438007
390921943
101160431
933842339
152222152
556354027
152601997
238281030
579843779
481111489
241471205
785319116
967586995
423757327
274654624
95055445
108046516
658855895
93088085
767873580
318692519
763105680
55952326
575246831
707154770
892066925
864373187
132713334
398794950
720775172
829997599
560232957
111697115
931158030
346591649
116435619
340028409
351709998
354716649
772388541
832821487
596187854
410224009
652924835
19945182
684878633
747980280
127991698
196250880
841068365
748381631
514943400
456690397
656850309
90190231
163845167
401433587
807079770
149074853
800228537
380371294
979072453
212977847
344584761
762746835
559569496
461020381
102775245
911279494
815737030
727680138
596617333
264441237
137904147
102058520
136902771
822782780
850038800
117410821
19033661
691107165
865792452
386493413
313914
375159114
329199996
164159082
776592701
136279766
313233935
429337590
369167412
144822740
642315437
713752173
907569576
54401285
174772554
862861173
965680779
990509585
590541311
414814465
107467174
580961810
516872985
244369945
256260942
219428138
361780766
127810955
910535303
80089571
514304368
910849218
455248685
843504364
927524652
84357738
832300482
93274939
513695328
201467894
238097680
8527118
915220068
145667256
62928403
942508974
8528429
28609183
785534911
451586092
295940000
893002085
32547902
665329337
137372030
141325196
884757475
499152797
269136152
647809131
579242368
783440520
411174701
887007405
626944885
338699353
971365143
311761719
431974292
337576823
513229614
670071972
346103941
280966034
668255580
409032345
75991360
529300361
290157880
861526272
980886453
438614232
754528357
865950707
103943569
744416740
7275904
988701045
96085889
128928408
489026528
675328257
912368928
900201229
414852014
391830165
91416934
238733509
703591885
523391226
576310332
69337851
45979551
774930626
350303885
714235131
36479323
426295245
96051845
326637203
140337869
76938298
765251435
894866227
795405358
721711356
491799319
655197614
562928753
587885208
784126022
51955281
115729817
549011302
952156510
530581831
940841468
43573444
769315340
644433353
419481023
198142024
713771204
317976926
973072650
916591441
32212057
9551973
195403038
128263902
188705528
335740908
57718553
953956963
83123487
705640263
528184672
574922806
213354229
91113425
162808014
849996603
143068707
278537831
399007905
947741569
809119662
192365725
843831366
430951354
836799078
115828741
629093378
403086634
433805667
602166029
172194427
318534076
464234354
367597466
299314331
652939883
703338374
209549236
459413198
786461861
767705851
987597870
361384667
981060080
78711296
376709033
683573035
74296355
655246864
82580940
874554276
316882878
127463018
570901994
747834232
964262096
539247087
229443962
219865083
973052754
831609991
392059510
144103183
148360698
759656976
295933866
801300581
315511702
505483102
260713779
101973563
125705305
100828002
315874582
106765385
32055650
692583615
642854772
106352005
200346831
577952064
833422633
517229709
705415082
256840980
117580293
522193531
796088067
347024256
742058614
621657174
31150599
986634476
618276709
179511297
598807805
914210575
980811878
914319507
272210029
94042010
16293071
397915334
194870012
184684005
357197071
226925662
877267621
51843
185794019
77614452
578003907
871733004
447360514
135935342
128573984
564940807
658128873
777178404
764481415
252703839
251351930
795632015
239338315
869628639
827659664
838146120
636355566
660987895
604981980
908565595
755029905
473791403
306480929
802416269
658475408
663678000
29341931
535743029
516246195
67652302
465873834
94250102
939385306
913234348
82701796
920475643
330691507
740830669
550170399
95172923
993534508
654038681
743321290
85389176
376183672
570980954
923535296
12539238
84485201
381033628
921104833
839515106
854825031
80102114
494447727
513300440
596296466
376306010
901559821
112542661
443958312
367433655
59309115
235859971
133184355
142010912
8851966
463875863
882841581
411538717
559048786
728892442
65577398
154886428
814281618
441761070
725867382
590333266
306816660
810352584
971366895
80437845
502384042
826191926
160539959
996831770
192008718
756836425
225654132
93568540
721895438
669612445
313518547
781204553
757988768
446702903
775731817
766840734
910578766
511089751
30895803
322143904
239982193
96473201
477030332
54263811
390750623
55414066
497113429
697567283
718283002
468480324
778005128
73183397
147188603
938545087
70015167
191713673
547897864
148185651
137798565
122309654
817798096
451317113
903514207
428303216
750536368
531762377
47660302
513631486
42852128
78556105
835775390
135350673
175029306
165322074
42130836
565779929
73252492
539244265
115863564
791535495
7724590
893868692
864718892
7429545
684930131
787250411
199143218
85344347
935436062
336941784
207654001
605750511
640775249
111168209
34053727
391311617
495446938
81714030
904943103
538299066
160270135
593234845
673649739
187815794
611073271
715780575
753595723
684325763
107541192
869459288
475861258
115265782
615844332
193096502
975211679
300774464
980346913
26871250
386118811
915782976
363813034
593772813
374049839
4588283
557457374
408103566
248416252
52904312
342333948
5875707
443719730
502604084
451626904
969885821
690419878
62700175
538182748
296531953
747025938
645723940
18507593
75403549
613506075
634351926
268500051
588717754
787642742
101363317
615589004
26277905
17146293
831918390
620050718
243712484
689023025
30024444
651816050
937439277
935445108
994149999
795831336
231681190
349270435
247458240
201567011
892206665
162674767
739749759
41254970
909700706
237990052
59762564
837620607
851496127
546630842
106120658
292730233
334273584
60000327
908319238
360551489
77146620
592753980
833118560
173375456
281777006
863143004
825191507
71732635
651104465
671857858
867563972
882785655
873644645
967538564
84352667
765851310
130213332
676618778
807106280
892430390
914608830
719385196
730050997
618621309
266016038
688688007
911351543
452805974
748688335
672187133
813357464
678351307
264941113
498992376
851726764
399234471
214651732
529434623
470967107
865756197
53808833
191047431
748541853
927453478
11102347
685410872
545821140
141315679
214546002
205443772
33746069
981671185
924828969
616313418
600292494
43361359
157517778
364160389
496167334
758722465
36347522
162041150
289590124
153804988
661033526
141316888
553039459
875685258
523267863
24006566
593957808
429593048
67570349
195016013
209562878
78672697
880426885
755384018
72504728
947489239
813344143
106250798
929160424
590689464
575080568
381969271
634050823
585114698
746129660
982734509
343837163
634993535
144775659
633427288
788798523
658325537
627260528
341837982
386527148
3044744
218360901
980484956
432637792
138447602
28017321
642200671
217120299
908444206
250101041
289625028
708449797
63445184
248392178
490126574
506651000
675989098
872095845
140701824
261103797
470741857
975952685
457457312
105735392
973244697
90884600
747050267
484086586
570661481
88888250
870613734
426222577
159765503
703615042
858860369
298213105
731632363
353577392
367849757
492592921
456194786
657474785
53559071
372156322
758383315
543685645
878807323
434372413
268297842
872025499
547992562
739039699
847978184
5449875
697291444
673739233
948850827
296858063
157825820
372028660
238262665
880955906
798251237
398028168
437087301
509627959
548757626
21236016
863205351
916607383
513828938
171916489
426598520
567388009
544072812
184981835
111073654
422880135
471870600
231887848
147421986
19863163
970927547
995400170
25313038
520735343
521655756
826680217
817593407
679481576
198708878
55856072
412953834
996960115
306400593
850041135
359104426
855158219
871277152
74826130
624281954
237622442
246742619
50880474
805010451
790815431
88378661
768600457
66211918
560249261
488305
213633904
580112424
823932204
61550427
457941814
197183900
583206183
137138384
867293659
115204111
335847262
775666083
528157945
185323729
82066676
378199081
544428156
789741247
101992585
619254286
266539553
339615027
865996905
317420027
144625478
509328689
405798688
765742287
575540607
966047950
618746944
789174512
398676726
295195500
850724939
709134893
344895752
433931122
846273277
212189411
549135233
34636891
987855495
77293178
219960620
922438523
308008611
616905128
564696123
410001196
88675766
831235676
749616223
954672672
1172056
746758053
316517713
259487096
365016692
892058320
78051398
836279988
681232832
476728125
131475489
384474123
38379370
328887593
818405245
884652647
541077005
220056830
919289538
381448852
149866361
139250158
156403727
310391324
608671639
573616202
720392521
697347405
257368231
322525096
504536429
258540287
921799502
821054142
518027383
139332546
713112463
596078782
975612535
246861647
925323259
959604376
631335771
963702629
288491969
302257368
848355276
682085326
374830551
620161166
63534178
524696912
611927676
72454258
835088236
220599315
646070460
407997109
917946721
903438691
583038558
274999502
14495330
504838060
96053645
385039066
644170606
661682460
981117848
472299493
908544107
758957459
431903869
392396230
722660088
572912191
547169951
423531716
254997517
922000502
43692882
171048048
299213766
508136910
96018658
134302002
728736226
742089118
394815464
499199299
498044162
977854022
774198801
365055844
335208434
722768798
750094910
831895392
384451258
583729110
304194886
145511718
342686569
588615107
390424300
917863009
161527298
937594251
193911077
269041168
859594753
90120311
440089216
11324871
598257222
536107874
145626874
179509800
130713344
392958690
678709099
481273858
223329064
305424252
846329703
411053850
28193051
596424613
242949242
265160661
32670076
399660480
263188731
375356645
988275588
653613032
145736007
2319238
591207283
339647084
271360406
303318389
429767396
711449622
314643260
28024618
100073848
312786486
207534418
83303545
558261528
738759869
564577403
781590592
44184121
410907106
45160794
924893524
859848072
288110037
42570538
892518148
687770517
305759269
120391145
528562457
959372301
266127152
530881696
403095937
605774237
802242102
558930678
35541633
366208077
873573938
63566251
466281925
38876777
123617021
549585470
597138305
862376890
114162874
231245250
759077363
377586332
276406044
536487240
89950756
417032433
431574130
982468904
104802951
737333399
102860050
485881760
549222053
368987202
16763456
804834342
974761439
819005559
363765020
862819424
37729988
89855310
778902027
504011913
128732087
902519048
906113736
578386745
617412290
872792962
662148347
229006006
102895646
938554391
618009598
192846403
208103177
49583728
175315307
165422480
639433479
130691709
651304240
41171884
499678912
668067697
846006226
326956703
339589608
62287598
42292480
377319596
152142909
821194507
733847861
133391348
576229908
639961597
564294445
46158550
365270911
226442792
275164556
468166558
17513536
893174154
661012961
225616713
795274234
836328268
391039193
434707714
967019978
42343433
475879598
319215242
562927482
174402177
498688297
755033442
236689775
540980777
132353038
388832684
362175285
718717252
374740385
938405193
211195201
939034830
984563743
576466113
17993975
112244652
44632671
35507511
857935158
705645632
113640576
653209393
394490252
504679769
940433459
214026582
399539554
268829409
385758176
814983389
443231586
884446474
570016831
679921362
425427251
554886222
68754046
640118888
126119826
296010783
431040433
337315027
235045614
268120529
913781140
253039589
380365181
958413811
141063452
90816691
516575795
254704028
744026084
763582400
759383797
536975895
977608982
11439703
805805305
215883511
826423092
249036891
100329985
248956276
928958253
378273588
656358850
850228652
18392477
782478676
146239435
449432910
119793703
233801401
717553439
33574844
339357342
950434972
844505007
480420794
41251664
213597155
735124822
637794100
977179555
347024971
174769996
807304889
358464675
980575301
23188400
37404119
82128544
976034737
138876747
863603150
354308326
795235597
566348154
225217155
577714273
565103941
674650065
550024329
798905343
244719857
436115525
138262685
47671181
133136884
471199832
88922845
346734039
206324654
726716946
176429946
553349626
754003294
836251188
764330653
587094947
711955940
801734772
669223491
687990678
940611520
385342993
894815356
588363469
951691147
120032511
18594095
516795089
647198928
568618424
168216784
891918785
4733949
158995821
939589967
137870833
630195653
881029164
337121225
689036660
460262462
513551171
94902638
214265756
202318711
859233291
801360703
914274652
513484415
323100547
454781682
306612287
708443540
349597038
894975757
512651040
322145901
913569852
29446129
969344829
482188276
50179265
713779967
339438577
61691438
505886286
477309410
691887092
386915450
814430635
233440104
847177913
180498159
328342742
913960021
382816870
187576033
567837077
149607874
701060448
890937624
604389556
7672736
451897516
953986594
755164845
964548556
128648847
668734697
846511037
97993677
3439325
749206654
811773644
342877902
810898093
170176282
672703664
355301537
557091732
339650652
588741641
256785997
520148811
917084383
23262371
755482033
104660416
591099448
905089908
658237216
334553424
509479464
518426304
786450940
315982411
126107501
603515849
444631258
794842198
302543238
395141287
650797875
51749893
59431283
993675777
715164338
229607565
518895794
70465875
786699298
858546446
659207516
896001647
231211609
428808251
919264018
986693642
385985019
510363466
891783550
44222235
844916890
253779367
415164892
483884183
422278130
541272393
939916384
866909388
188630944
94975974
114567028
839428819
146725867
173998311
685620949
714406557
403605877
57033095
784872432
42821527
915579541
296596300
938823174
146791150
725404551
858087193
133484792
111389570
220967011
877784695
8128158
918400254
984080414
275809402
254800789
406358544
669598147
194717173
125784284
858229091
289693147
240351312
550174263
288935367
414349624
88311564
3341924
817955501
145344659
640730709
860777028
60924200
789843361
652116554
60231702
367764265
362720099
46232846
331670187
583687111
776533893
192314697
354603717
760614307
468124099
609404506
19489203
137722247
804121679
145273488
848467690
946331178
238141152
251158305
87782897
505007128
191986221
91124822
175478981
337330880
584371883
36256009
250771432
226731596
540888916
163519486
594495861
903609015
209752333
926166049
339812478
986286226
118480746
694416195
599416886
439121198
303820701
471422441
429359797
960458732
469212281
130343839
906789911
707353434
381502145
994572808
64876914
573488366
938213982
240355896
763335599
375102217
129128257
14107031
601833814
670017173
30142870
48846027
573626189
239895203
975012076
913438667
78697781
93492823
460371215
530631019
385130373
764191916
2053461
814490170
577167001
471265742
944834009
336473264
31135528
178852506
183562424
96012443
752340873
121776407
336368339
368192824
349394976
465496596
234816207
803745142
135513770
264959077
852591170
561656311
504854280
827603246
327611330
436068414
773612421
787982545
966699433
11259146
404690814
968752894
825749316
981857815
292534989
770583326
170847431
176186869
949435832
354409855
272199312
554293057
328702614
461084003
922485881
678097591
926580600
9818441
334359085
914610722
274777518
186950255
328783385
779631799
867069854
508911067
68216565
493198627
149409965
34915998
504457774
554100779
856185245
330207090
388474946
1236586
953306768
559322377
177423455
755258953
913732232
449622768
162068362
94951199
910706771
84554244
773048790
689803723
94372685
107407875
456930797
221666555
146874483
638230534
1298354
13944337
147141602
69514919
359659316
296551567
956947270
864117090
703168698
813132515
46840533
91643644
814369101
147301
503482373
991792556
755406254
269730957
293931676
917474617
364682156
57154800
854545213
990247298
599474875
801434250
950171526
56405673
23100805
97046009
547152559
876915512
963506698
694294161
798946783
175682366
843362080
608410405
39799457
546530778
274059272
86639990
490690774
88428373
86787291
846689499
932737282
694709898
116420457
79185310
464700867
333618965
136340110
171762432
176382616
588331338
825713034
126554142
497253363
701330191
76116503
44405922
430762055
892139553
591216436
82225191
67821919
434578516
690635596
107621376
833625647
964694869
46777718
176832773
905639594
986081362
23522273
690893228
533307612
992459082
770078539
998008479
178594399
758935001
22287263
354977015
199782691
848000297
481531157
697036054
401846840
410164012
741441977
832608896
302303565
185174765
914834087
222641837
619753281
605469683
182779565
305895280
422680904
229557284
482728054
328320499
68154998
506250327
19213727
601462610
351225761
641808618
451987441
529820160
253259972
474274704
884797176
453042663
174791353
218844685
2595070
576638193
629008698
744037047
261763441
931312263
929211812
176597528
6470452
401481445
634583564
189250018
707376726
57264468
418807302
42621132
238101319
486962300
548871459
109831399
88424910
900097220
751640017
392928703
282433732
857416341
867203407
167230908
162975357
894511112
386075594
165570427
323665657
15084292
909607474
585429099
798912907
691335638
762026627
805383360
945333435
249126543
994633378
505226513
306391012
265957032
547847645
544492331
605435684
96719104
654323730
546376946
849332676
258480100
939305649
131766409
115896441
659025408
151513669
131388150
553536520
390105615
296958577
877202177
257706259
59082403
315147628
56619167
750418041
77174256
714518879
548267829
178817151
561668609
53494342
485208163
680141993
601341988
882216847
285577677
550577444
389056929
831954623
252426473
647537029
623776624
236709234
615949823
282802032
240739255
747337973
688854904
630844871
44296551
418573433
888551130
103378954
733721062
797686649
706313348
663411670
364721880
107097529
842228821
926390489
160591871
179953337
459048834
614450211
62170184
744626511
17544008
451227113
429097486
269970481
951280495
52874110
359196067
419746670
188192494
599935322
19600995
877047398
230780193
63897546
148137184
119331324
19792853
881858246
769534325
578622553
545269916
134256206
685720082
240015089
913163047
698828305
419968426
372211882
313278517
482138610
969354745
330822525
785882076
250968584
453309358
737162571
156359046
812505425
9425593
344551541
412440747
29026588
74115291
495737293
92924135
222252475
467584969
965233340
104110721
237119294
396372245
501896989
223891852
934608679
741912079
137054900
633436984
14396857
361783134
799231853
496535468
331137879
130054378
134933896
582106463
435880088
872096467
738465510
248385513
881522060
935533403
513342613
910548648
9648694
9079906
855989135
84417522
476664875
673738827
41044595
566300521
922627424
395457937
790192374
857236103
137370016
927247274
343189440
4283225
141546760
142421293
500818693
472684639
124992024
635752589
907307455
413388464
360365408
498289317
661773978
94403820
433822720
27632943
857468821
295987766
36712849
565974308
232921640
365894076
92229488
273966236
932194597
14856912
669424173
722386971
724609368
659310541
502150597
67798808
663593766
643697357
62736453
16928812
968898349
40244829
505197753
876205804
306149646
865563162
227011473
967923624
812483334
660834193
995556567
669952155
809338311
884785768
88442816
42259952
250679844
180672304
168742540
35390793
195529216
838166713
757777765
920138584
349993606
112444714
840453744
866103724
608658424
755706550
883032536
577556773
648467731
240746642
306278929
954617377
106309804
533290402
775057353
771309490
46640947
623130272
293777998
855979258
360432392
382220814
750755562
611112236
562893118
919498102
646503030
758422334
610181167
256797147
531077271
960174773
221758213
224047367
678794850
830416637
832270269
414343738
260489762
333254353
655090380
566768691
140388082
613916536
952575445
915445436
385226027
999216392
391092060
679004025
707712003
751524453
61224839
310983917
215153041
476634309
230482020
714172423
87572995
840663187
970969570
618650266
653354313
45244136
695213986
184665515
875660773
527484255
599009253
136150536
860738608
254099634
555435579
1126691
868016170
508011025
769088479
105758549
359743769
12696891
637278926
919972124
616737696
551020117
230956042
831890738
27654426
313954414
398579513
115227422
7133953
222065436
586394040
660488266
267309572
281608026
845153781
142970345
661608634
296679387
131637233
374863594
550779021
687072813
228506637
271311543
47600190
997595116
229586445
407343959
862808360
866865371
179832436
479546056
417885489
410788478
163953146
298056267
724742892
562532660
413283689
731876845
784598096
999677730
244881464
51907668
133802108
942551597
47394365
795410742
239230984
179031599
22790689
642526357
866104412
251297326
913837901
913704602
101408795
143424346
173564913
964217155
862806069
353397349
296279563
133207910
616702179
460232710
431264178
193961423
875281722
844547867
925838269
512396170
696741949
23236085
416820190
683060410
965787682
464214555
330987504
57535019
495762506
353778193
700061376
214383270
605075520
466415629
128087872
706484315
462356327
154169138
670701470
177678749
360082839
966981033
310886659
976785019
279730095
742150837
170746442
7528169
439215057
949101063
519924339
135957006
972337148
936744529
671533768
790641183
253475437
2521273
700692554
749237943
356299466
253270282
963621214
961374986
719685912
944225438
520375653
34558591
98394576
43593475
212237340
310993768
10574509
523124000
287778787
142820956
117791189
311041581
150349126
557006246
260142645
670273465
545479605
84996145
459534347
217013373
728153680
713009784
72050998
428846234
462247727
428350465
682116517
278385293
242241803
254318781
222610732
762617457
141393724
173521660
806210932
353631065
484515428
669301793
729271417
624810567
664639102
847062606
935852149
814988228
404068853
48511146
337778045
949548458
133507291
797312392
19078183
861660972
362838528
91129182
143023558
825086256
371995999
677656427
103471549
614237802
931975208
178598633
229371611
73368933
204636646
888098896
279516350
689152074
409917041
8787767
166478994
74556143
708366725
102331143
742060723
112435578
150842289
79838769
914500388
136865932
729667513
786094924
998526904
92506042
877224106
994066815
770108650
101736457
671723242
726096551
715974259
456214803
757211537
797862223
382100088
961848183
685961119
514132790
503516609
95878160
375436909
669995603
22950656
83803634
772326746
765011379
48755565
775685387
697366500
815772305
912551320
279550366
601867229
763594576
224572760
331607687
757661391
847197762
433344144
281900986
425810665
1834756
590632141
183022202
799696979
972732229
144870385
338174450
339381371
500903347
286568962
714818280
170898950
162035970
798621914
795742049
927047350
699893831
571427436
476930202
515666137
336495108
608996920
970049718
100089685
833569680
154173758
710267428
533283794
587517902
992168414
959094460
441869010
435316907
142116662
94082341
260565488
139503400
432256791
599946859
492923099
571342106
314765139
663822049
733378076
965903406
312080450
512941778
665797237
883507887
989871981
33979726
72519347
451385253
4029445
172609032
137471286
10719555
882876461
670755080
598237457
727561227
629849540
40106468
15394487
624482555
134188809
275959975
616502307
418961953
875906835
109425406
990304059
43188326
625763807
576198487
9091732
937844258
89140266
527405322
673868497
931528599
561385048
746387844
382913852
417930845
771513229
520385138
428650400
506906042
43656571
879404210
86983621
673506111
772027030
102378108
150505018
758732191
378338084
619523677
30210496
254244919
581465435
20514555
297433245
59745595
449229395
159041330
997589853
538369661
686446652
523974702
322414612
100348052
122878898
705328464
518278898
894392127
78229955
799445650
253814521
121886526
678849860
340798143
647908989
303393242
443176251
798414008
62125434
821514335
270454037
92335930
75759254
851919473
965366838
225708852
911665068
414596233
384750182
761771273
805482246
71196834
138262327
127896858
24061238
261141225
685741674
542340136
8049705
763971629
194302139
261864226
738374507
873151999
602662369
386283497
29061594
45838621
37213857
91187028
719869308
307667894
36039310
648144915
12103719
1406148
873853767
923768787
268518733
111120301
685540060
74000979
34833487
823802387
54414189
58894725
937459965
740155864
453751214
945509670
356643845
648053353
59890248
95018353
373721704
515068970
333818202
402783298
413423943
371032059
493970326
133293251
531216305
530009637
781438166
543320025
383932137
507808285
467088812
652450871
471444938
5145225
726451850
506278425
681463964
780866040
417689503
618923929
373538256
871440717
416949951
730182101
519494070
329356552
825200454
893215774
844425522
11535008
148515425
257849465
382567067
642485751
243659068
913783373
25011740
25097235
309619750
408943878
385421872
776708562
61394749
856866811
634370139
640362951
215661588
315834104
273745343
633351091
787274385
647283599
357308160
56740689
229982053
876802230
386097241
55182507
622534357
230522763
66717516
771049782
340888580
301800935
266051885
584547648
68100660
143579978
462161235
377720410
552523856
847583108
6945325
466434957
556966271
641315464
959314260
625144211
809665920
85575956
111011655
596940306
732859555
468319815
653680995
962841608
197638398
39778236
870540468
820172755
122817351
789774336
443738889
463705931
944091623
562307126
48253579
12192284
705887104
362931167
242429046
110927312
63030627
101890723
577362269
619996898
743206188
389192882
97657461
405388460
474768838
208669116
2328766
60144745
676988932
508526113
22986354
874627330
400820701
746043174
547316437
376154404
388333862
991055326
839860335
184941837
405878804
740630267
49650473
111765909
103561434
292079520
222693221
19108413
393970243
652571843
639105311
989692783
41764725
736762772
395081244
516533563
945431889
249926362
576678308
474937173
610968828
452181014
349564503
11789529
50740540
896880940
240460286
291590754
740452618
80320621
476532592
146331422
673467240
526183065
110613683
629545026
818262585
185823257
648653439
64749181
838395100
140275102
54441964
880159825
729554227
302039560
249209740
527502468
404482275
678404400
2439641
15451103
130585415
204520496
879756984
33842307
101401436
120217270
325433062
694370406
53054244
801965654
693218180
579037836
180665071
656348216
61099215
998927657
842171473
709752654
916193190
680566573
702544109
823151506
413242750
432098336
125191067
514968842
959600804
382189694
193373242
814556797
397640797
176475009
19077293
129914133
62833669
972995081
250131404
388266731
519881839
155702000
42748737
65616371
734739836
223413808
721964587
795839051
74857817
564136060
358108058
991051007
97218985
60652167
666718866
362978087
345266855
644426285
877946929
157384011
26615979
71320172
971940808
276773128
100311533
991018101
406687261
163145202
816529534
656818665
403928285
336411373
812520665
446677022
402027744
399776854
522607183
123992332
195615905
597465000
540644744
553723963
441032360
490380082
466892482
107751226
853358169
812159337
604693863
731305099
969543348
631309842
655141623
941484156
908082970
607969508
785018609
167286583
771114711
454064495
824105249
27559348
790475868
489142266
474236371
45019965
888919120
996843554
21528649
937051378
446824906
414689745
343291693
740373618
905069827
810184176
700641196
758427997
622343513
305335059
342249448
444403214
789161253
849907423
238403722
549760575
457876931
23422332
717047159
81507994
330003179
393668760
109067343
120479048
882811026
435820066
18015365
624246499
285179972
39544014
413814229
732004878
306750111
757105922
324894849
211819939
567290098
25536045
822764288
42149964
183387457
17530088
486553178
972548710
867437511
724956900
522309286
177830794
600895584
91872797
259338789
930898764
485541557
220922484
903894164
220868935
656742550
774425881
845115434
941922522
666486247
111446015
526443752
973236358
868551938
851338601
37572649
288358388
876874647
860336937
330508352
60262104
877867025
669577882
885327166
745304536
247051135
260152804
923135331
847946719
352025601
34990472
631361835
837567158
255912956
387772351
58436094
912655506
14714584
756067880
707094380
681200831
867513896
233538132
654437190
736065834
84876734
692009839
24424222
814267733
404863129
207448927
727046189
282730154
877026809
464889707
880551043
124077944
725042512
656202726
824541016
77068113
691193198
308419203
914635272
799622506
548707907
825587718
564794364
563422491
581655598
271888744
244623323
301685846
357943228
751576865
37751680
295336314
296103056
914692255
109604047
700966185
974657534
689166588
983696340
704200695
6572648
716763735
680794992
731615160
372966461
357852360
808683273
916676011
666271563
575834897
716298517
67495822
253938967
133609233
630918314
835594566
405497977
875541637
137280412
763441205
479634854
27548445
58777520
775737910
794757052
20897919
476704096
621930938
562580860
312916788
326131633
569153508
29680523
6926625
153285020
255163336
217295337
961968293
24355699
883566901
390319543
740654216
951062723
644258510
874263449
434497389
332369428
132277778
162555378
322166193
748235335
642190232
202230990
659529207
417928143
849504394
532943479
747148591
471435332
95524339
60065379
650083317
517194199
942262254
509526295
670479219
49941942
726821632
484963864
74297641
462904885
727799759
667468209
266483961
224574622
394248010
700981350
556944050
526525788
863536729
731626595
127277475
505726961
933857585
786806683
776171456
635878331
319750162
523320047
107313663
267790853
435901778
609913333
637501404
230680384
119439628
160496975
133138678
846261260
645460839
207436319
161682498
225776951
874904528
428166459
450351573
121668890
129147809
7295623
648194678
992684538
591438571
775472154
350927852
377812508
414795189
127099308
13690840
734545351
502935708
973520855
854852556
791353838
583434188
492353960
22034223
555390168
652850935
7689253
254167781
150828126
215125573
415850279
376605077
942546453
844016738
826956650
64215344
973164547
686768626
564926374
818365438
130723549
192914880
21809642
508536057
607710069
1425302
522226897
194771772
356877362
348264105
49624328
148231201
931698293
394494640
22781776
339604814
47345575
30471029
593772595
50690054
98112954
9622874
279811483
40659408
853639612
106768134
104874752
679320511
646053112
522317478
350202301
776776661
715232359
224528295
137829070
322942428
225953598
660055968
517714201
582830960
8320073
419854881
583578513
792534718
814349522
606360289
132139532
714211449
489347671
578428479
764901503
587460625
588051353
44712987
628120033
294207317
3997473
585511137
826044181
502566937
107828616
28762834
131859950
675577327
253291130
269689020
998519755
479244728
782261340
368750308
914592040
643097765
788605190
498170554
288148836
455471064
957047195
272804720
169682513
446394866
851233200
787100369
33855492
291800905
684329708
514491877
586008223
540843533
952519367
264568756
43410470
912864335
293331590
27786772
588441662
546622720
149992144
439477769
25867448
932253485
660744430
792975841
575351250
301865972
143662747
863500086
757337036
100709942
136304807
927019549
399621161
840054359
566636270
285993005
131855264
250965978
800484882
570379839
791809511
605520601
834948595
687736333
518384936
128280186
568039457
959342950
674902906
718031602
251337072
553286707
650285087
912081502
198778900
78152689
213947474
342441647
794169128
971284510
443151589
782990287
750820411
842772750
623044646
169973034
128765755
607416262
420939012
781766990
177796102
65264876
239803943
12744697
605517561
758188880
993541235
173557019
570048182
520960494
891588621
821385254
74247201
394390060
733466756
125542453
325059101
799930582
467984100
119228229
623731444
911135689
902218516
227068208
606424792
377779514
397041242
587706899
985195777
817980254
221990241
15508231
735761482
461794185
880769280
341279044
72499417
874310516
367352415
642547599
247787362
111457388
316449206
174550915
505847448
49915962
300093368
830906549
702362897
768077468
802651131
326094341
531729509
557385999
553162549
138154301
935165514
950203791
578377553
772877643
620700398
652884146
640902226
208978232
114678331
521671506
550257276
39694100
248498374
917609691
534758052
496285736
29067079
851207258
670836651
387430879
753639572
970930019
70853781
456002469
591523839
873504912
634613163
123253349
283407263
40292064
113924002
71089129
990495856
544817907
843966772
463712606
197702054
337385350
672690838
164896737
859056857
75464467
57107190
960071583
845590510
591865242
308873672
727173942
443072500
979710323
114604821
49228424
803156695
37974954
505230894
247196886
763996218
139844057
370450235
47403482
32652473
336890590
118492611
23148329
881708497
814975736
339377287
79410551
152361086
864584478
96823641
863934295
940048945
153930831
824005879
638155807
745796073
132879551
365329749
41384925
965106226
332450923
90613349
620779273
222942229
448360595
867976160
986938448
440721004
90942747
34341930
473373478
427833337
5350893
349038159
162058187
820326629
688415447
93985090
825204068
405516277
190808731
689138363
198081574
197255914
365660594
836237381
943051987
351056497
54083483
836953264
168679076
386534406
927566614
641974701
609476635
228443561
362467213
448931435
669164566
453409961
335789717
142538044
733759650
341140611
491576203
895817837
13983592
32508002
989802928
839187660
438024279
33128011
380842376
636105853
230383926
599019322
324859587
25952265
950075820
378943070
862905530
971271248
765477476
642988496
613245949
227470463
871432057
975713163
676401899
540596623
281639476
12191616
535651019
15399126
205848579
27227223
763733316
72348524
912251577
753536244
911536184
202792209
786664255
144894912
838898062
17048181
743914235
16274001
43000447
546506407
395217071
758422329
370294007
13210899
401410825
983539956
240681363
125359234
811769471
769599614
665955858
945925299
634307582
54123229
813840778
840156162
81350452
577574094
912504686
846118382
183626690
676557222
48910591
822807297
673968487
740325005
692371831
270399074
756599007
587888630
816905481
151816078
346310959
39715840
165026978
600238136
23255796
258224693
725597370
687541620
27824307
244069580
485983271
662131889
298192810
299824049
354804403
232059614
729914495
119825441
78177996
913541185
648899016
127088587
588864835
322867503
719929945
281236666
593266577
476528952
869125296
262688410
480861382
67952607
302404250
645888360
668190743
178176398
904113053
246304465
718234370
784453712
490374046
204217642
299101954
788566856
356558043
653906357
20626470
86472539
626248151
98804467
852530076
275147167
78409406
441394911
450531022
650855703
575147929
43797599
127384655
296789577
159002361
460762390
364742184
313922963
106650750
885449279
492099361
863280156
131753745
62850084
500250220
622127791
267067726
799352174
263210999
623625769
305774884
283837469
562614660
932023035
235158288
415144737
59686554
166084047
709056000
510217576
816939750
284203930
406531527
796840758
580993507
565533888
110119500
798252044
879456851
69286602
683701323
224072564
932566758
667971420
286922648
285333331
142615563
406506726
84685505
405826562
30132496
390460389
689664032
445263508
174999776
777338672
860408245
234686330
943422719
421980598
744903906
612878822
706184528
151435433
262235932
139694387
569485673
372355432
937946431
301458876
441642034
474164107
525531441
226725145
142135527
664970441
512058476
137267443
71477168
449260333
543094005
954126016
839720723
85274389
399389524
14720499
862613062
112314122
101923182
658552133
534294720
846827088
123947307
92995600
998262522
386183239
85206339
420264547
611055023
23152771
721723424
52697058
349833230
99771217
131938555
344485109
764741658
496513383
481752552
836218826
945773716
24846558
642861194
638010791
110120947
42250719
505247643
825250361
7081193
607170825
483802495
393892265
453997913
607749802
486887865
304776787
846449394
572094204
725041335
457504417
447763327
299281111
362717827
650112909
399052328
347172734
994598019
163793986
843686117
328866923
852529165
789459834
206229833
495390359
279986977
168867133
390157430
785234620
994117494
249754975
392405445
330436341
643647240
698919711
790702496
130535105
3696498
637151890
555145662
581254185
947172659
855425341
880535296
162406839
505538251
132103976
509579573
352652622
295897963
353265691
534035897
943480
995241877
740265731
496333839
275228854
761649216
739007622
60463475
608283062
988762597
305385272
938719404
632409838
4304983
581938252
615461295
860517834
71606494
23123309
294288371
18779153
878548651
27340020
181185992
236603254
159443996
690765566
441772228
307858311
896547609
975808125
308801791
891789486
568590208
805135631
19534692
330239424
396659605
932514519
938522487
385422202
90416144
729758243
870348392
94721127
164212847
338326040
807755313
235819341
361449349
954560037
254598494
92514352
981900057
288300839
181633958
993860405
979066405
623406186
301718717
728130366
599214312
610520508
472436204
20320872
268172491
491970896
350560297
664832096
277001768
141599136
902770651
367417912
723873731
773119043
314655391
888086578
111445083
122410705
123905919
325410785
929487094
231020765
270441489
763903503
519321604
452075448
757763908
350904361
75481634
911998977
79034727
527212298
375035838
551470931
547533171
643208329
895958180
898093468
160556778
172959948
892208956
63327429
540377860
616082687
688962824
855033251
356685617
652924260
829960308
480591536
830851397
611963754
711612301
101292886
375867257
83450258
553368334
986147518
434354619
481366321
898146495
513389347
8578619
125698685
917376630
556111790
768907015
813334810
306721610
781980145
838811110
51446918
697823926
231705322
667529605
239303102
86738574
24215222
892227362
769215234
357323110
575595111
233695341
921451764
676887998
609562598
4902022
82772684
448226468
439256641
564139005
198889316
805162340
425233977
324588001
722538971
981345767
93495016
388390133
140583730
727991513
79717596
192030648
425815439
311422918
712076606
665118542
250677844
588808180
409862256
19893079
946131291
985457368
106104772
720099407
514861718
715667370
725001429
450150754
16410191
16774422
14289760
215299507
821936763
292040089
539887508
396992086
125902208
485898877
637898571
266485938
213890390
717616167
311032939
492222182
29039086
23109545
9857076
279716930
611917725
419719332
152126361
410565368
257693052
258231133
130664775
625071122
826414856
708182556
75221877
842825047
577473331
942027989
58124554
251926446
234068078
598012062
648918532
359970286
83910939
139333455
478972577
150317682
856949623
790005516
642539864
885988709
813115061
652396940
18221991
277549138
924632624
22864705
540630859
34842029
281095838
523811986
659913151
107510694
84510895
735135028
802852093
661984226
529679369
860976647
913910672
763747447
311505062
415345556
976234086
247932353
554679011
455206663
250766387
411628634
97728531
893306251
150133695
910843592
398219543
20872039
40909082
175368520
43736744
581539941
210210549
324832582
105351928
870123700
284859629
42379175
457775081
87711722
704363401
987454450
801204722
618274073
603718250
965226136
33619629
579952336
65674841
440814992
887675351
316441229
852443627
985403882
62263832
855093674
748763826
460483376
875965713
789672908
635851896
919702457
223729202
846062445
97051392
181597482
568702497
381911021
223976657
26477578
322139095
928340058
13932029
975860169
399130483
470166631
941086305
285266464
50118967
6761147
726081456
790310670
175718728
431041435
775714552
237982560
138651462
376994730
698465936
14617175
19183990
186834184
934319633
242913192
885412981
31371025
277027026
454115479
265798398
501003683
333109409
440453845
281860093
199557790
416314015
533506928
669724421
209916672
818773392
572359740
69194171
397371201
362670410
244912899
680928988
990901314
482895460
819580450
367896044
33877748
834197626
387080035
73228285
621033611
482509579
958641266
504920988
759536606
265273097
623235738
113056641
598382507
63689583
394916735
797940297
332519950
928423663
467664719
542436623
599713408
40024459
464147146
849600961
255211222
709060046
530529949
98628888
44471858
202626752
466524933
78349606
36824378
706121320
4094243
510374341
188630899
962735510
867811681
948167505
228008607
491047419
61224147
826391114
407253354
308657234
476847764
739773305
89597249
944512483
134726280
541827009
837053294
598873426
391427970
944780868
160449824
774474272
43409757
204921682
977101024
362451042
135787641
866441754
68572362
139881884
229332447
109719613
102617394
97144128
57887119
183142354
440707899
971627618
862049820
847961253
132801204
338897584
587734558
74914805
135926419
722460838
616741815
825496066
173850617
8169785
770276934
334300441
635160409
666203043
539222124
612261433
28654085
527526117
331219539
97226447
667408001
560551986
59462413
622541748
657696114
117349532
658200454
98404013
941493502
520250274
798881619
926811058
711664211
239132529
1725863
847590630
961593368
618467678
525603048
135443985
479153816
148396335
322260778
114314225
814599378
861482902
579092011
843253464
241525371
910311550
792996263
908933373
323379889
852458676
383991473
981076003
822324560
42191927
931996369
616334414
414958553
583394340
395661824
126622764
822526869
397387688
826729747
636636589
868371718
204849147
624596926
200041886
353245482
946857705
166872464
167844861
660856959
745964475
863614677
902382331
508792377
509127292
663832056
832172266
214102321
47823529
665764622
36426881
942531808
450277343
505277648
210006713
33671683
900939472
189145830
708714904
150843512
868391929
345351494
19215231
73241076
969948420
71773469
426486559
769322477
238645933
446847772
430179437
984610408
310462449
185078120
345919138
819589741
848910176
30607756
33692062
749250057
548888730
922635296
544298217
999166073
280429296
754304930
885354108
33885120
795967112
446585365
37244985
664359041
791936859
56460216
590116470
614401631
128233685
16603029
236240461
219395971
315967153
666419898
56522731
626429602
851498018
402441869
298535695
552924546
285565978
184744110
302174603
834454708
959895758
846472820
686137134
92841406
453294102
424007594
126726526
101777567
870592959
163971511
766136608
515046170
72948079
208769430
129447802
53698117
77888811
218204615
273094088
393855964
884624513
329616819
20285566
588638883
584575041
171337614
141563429
870141019
208598076
296254384
704595727
168493834
995243556
243249213
261335240
301054010
667256808
240578118
402831577
537849767
404549630
21484538
52895938
330014061
230253968
34860092
383712178
308142780
105581059
509322618
701998744
990205572
838939438
574800663
431360807
276030831
746138277
425440588
146171850
954736353
574211324
703283929
975746539
569454880
946533143
89598131
870508890
613789951
330176249
125856820
4156070
734725879
147341358
909568360
64739941
377595326
796944804
300968471
685738106
902525863
810291090
387736851
745247787
501746880
962537514
29124946
777777711
561192143
454565534
776465913
368444848
28776858
479749842
196707739
450748090
278799337
286305870
173773333
892589288
616482119
299630153
749261711
203724351
446971511
658830071
120980644
824566837
308291228
421949115
362821296
210817091
84756557
750558147
956064879
439019789
565612013
985189825
69313852
979320508
292271712
845779765
200281708
173564922
178045960
396989447
476829365
456845297
683295317
650602698
201950938
299777436
802749203
951212649
503501787
102237066
462559072
624482431
926803903
770850300
898947899
142141551
981667392
983704456
892699698
790248623
275240598
310828063
627954800
344554450
142664923
772742864
190334216
342946631
946307787
368380176
739936078
275653504
825225473
423231395
926256202
27176411
575525184
581521757
830905412
79026971
683758823
293464485
556025755
463079078
64314785
307490006
605220630
898498529
143710814
350436680
541263504
418951412
661264744
21734657
763505863
803929667
794477521
953840079
146876299
593301660
174736607
739328729
868955164
852478432
15076477
647727718
732171196
590601661
81765827
563076608
522144984
765524650
709057445
78170739
228603729
625888583
238177097
833824359
376903464
381887912
36777391
918166969
800839324
698042135
792417978
564345187
354488155
439411851
370701618
353880806
32713512
397954577
93209535
754185028
250433010
108286012
254429099
982604206
551404025
336194926
398197166
73549010
101719577
107254612
4236101
182839658
585659547
242413199
869180369
962563011
624301111
905957760
733246332
277656787
456516248
525664310
842001975
811004403
965076162
65219945
17401561
850306026
463174523
963127448
457007406
566123885
923929813
563952857
401244443
475333838
900147784
799441609
401399200
854383713
759212573
405635302
889739723
197388472
500564853
758920092
159951484
124865964
517394204
893197816
255039103
973910452
271378479
97041078
637431207
88970993
14777376
654832768
791793371
330468251
470476569
101317129
896592136
394406382
665269987
297836579
722256572
417934123
949794540
123655773
124834188
561523466
381807427
14573911
758911938
882372280
626010355
918863422
859754596
143404559
664577591
114793699
117315012
788472422
64351130
607262571
877443415
79128506
114611692
521753138
262113109
585088261
623070267
158705245
979494643
288340254
309058176
554267567
706274377
258852716
677923340
831108565
820376182
59730767
698198828
431804473
794619399
324209183
203184247
654373995
320130095
867761838
621684047
289961459
508750612
686035177
897224030
238710379
617680035
11835722
760463517
879793144
596923983
383533785
891014741
428934978
524390391
200072917
983202546
83181121
311441985
513642238
914289686
131818168
425889358
465004867
416138993
73025109
789214050
619323240
727399105
109344145
339601431
201599504
251821956
848352043
887634681
149045987
87062423
357831068
13398061
847525940
90140564
610322045
83576077
981155305
891773375
607966469
33744574
727492273
691147590
345186559
93650864
457953628
329521079
519540222
922958495
745660072
592565331
564688898
217499665
172480788
526549395
557101096
374080292
778371352
405453139
114231325
779933691
345031914
324578745
793331752
45074207
414719309
256170149
128650284
248390966
147943525
589133105
134651892
875435798
132797047
479838452
969086662
590750676
661875883
341143236
366225523
260052308
786224920
783430773
477551973
958705708
162496521
34653069
185302353
940867873
292622560
152050030
573317916
637654475
476628776
366649668
682728682
891348085
622819818
811378966
992255404
623279695
253028424
126907296
351231845
385825471
459262100
172834860
976576147
121137984
513978096
195318023
381190292
152719368
978748796
858742265
111425077
141245317
745911686
149243782
934629542
38534246
301293812
360463810
676188721
777922588
727113479
211433755
521787026
202449649
22812722
366558782
825729344
128357498
493466078
29477541
514182969
952728179
202312401
343275469
926382515
716290498
538593492
160089159
869009866
369858640
18831424
832951295
363620310
617259462
834711429
150766204
655793708
136005242
511230015
184498782
766444182
90859846
395932537
140747560
145825847
271261611
507306342
971555191
399619109
853288773
1032732
913802079
658533304
55861486
109593900
584915819
772151984
648187392
745004978
493678202
870562384
616352754
179145850
86699046
86128568
13857279
237465251
741922276
2378873
601211618
778937410
621339408
692071464
27386300
614603320
837897311
298647911
121909663
661968854
550783373
827714788
515517938
317101804
486248092
571379424
426695704
923680263
196047760
74883096
521201593
542242315
797961832
137554347
721388165
884660879
76199267
587761796
122126130
818121543
442657022
575854100
449575306
916512782
120441916
476961606
531116102
958339227
775609517
505542117
472824433
178909242
185773257
840858723
496011046
672021349
264754500
922706750
448217964
460802260
850106198
969419557
3044575
648068031
959490256
576949092
385245262
35689523
17227241
359887744
706327419
312400615
935741844
155902725
228913397
56183760
632864331
612545851
867039339
260990200
118087969
192380124
439899443
156377578
33238847
935910489
828398928
297993347
711133592
129133244
611311960
561239790
98552802
466872887
61824173
58043058
43821980
447069435
946248934
913565573
806957179
652576353
225966188
595215375
660995430
307395937
651399135
146376113
919941788
370954826
407366313
890546109
563334950
699782108
46923688
596573798
488208950
727838968
747083497
199342542
856972212
358395457
613098684
955525014
825268345
674922858
866084425
721606677
974508645
664849711
487688602
633982177
169942416
713654790
229197552
830937846
21050727
733113040
977313959
793508867
104067866
237196624
684054977
667402817
936978733
583495017
116492967
425187683
311333985
863576464
477046577
20822549
74488274
90145261
976347564
752272971
617584471
694948341
326396000
592093117
212314404
814084602
78591646
382256820
380255744
307789198
213194666
253822823
40902238
43024977
47331690
997486457
280221601
583903019
517405626
217200334
167398036
633898593
494904369
331248373
349991409
971950946
352070923
276996035
62096208
180934839
29269006
532197031
875883180
355665006
124290148
88197584
22265960
55398146
322970756
402521704
363187345
536165422
656344527
256605935
579190399
703676218
106608744
859412000
140095589
624014370
929128687
307493626
110429315
424033056
638741999
460420725
248500355
990812922
737416760
163112915
24264113
619202119
695309946
900147293
974867125
672116447
840861229
997133086
727514593
16348337
252171142
90701938
552513759
908515670
199824226
984220510
464708240
306432970
696148863
604803829
930447341
625277550
912297455
40876656
901826958
403555807
353813733
150327313
246885081
943746846
313440228
271149195
562948965
8750175
23812840
390332442
533382974
717190422
239981880
260897567
733538759
492153023
204115858
138568871
253185045
256456436
122789381
717893285
562889406
818938244
322697114
345853099
296732146
87510922
239246108
51075457
343583081
445576193
201402770
590468162
389323039
367359351
714133709
804788356
228625878
737946550
47637151
762008852
307653324
287619031
22906419
41192083
632288406
79538629
179760954
885473451
335995065
155066688
603366736
751400824
974004932
778580203
97253923
123253431
866091125
189016383
174328888
62190558
634592577
228248010
652658720
876431968
595607361
219308782
681220325
824233239
957255332
728857476
586242091
117425008
868992859
461664863
158617091
501281266
393719844
190894398
239271069
729714910
345961086
842637806
333632086
172482370
473734361
283402361
295735801
192341838
472418745
322581041
254532396
959527674
550829052
907191116
835959642
146436413
126499898
369696319
970669653
936271582
951070147
409428096
53696590
820063007
723609311
64830034
173860625
117329156
255724432
413131694
699560418
601685518
108285852
33192504
774167888
582020213
316594865
922420042
774362051
641529962
245001083
28894447
601057636
795830135
788601916
289533631
794782901
767618166
511746302
617968906
556406101
462816450
27397002
462619043
135395809
603522666
379965429
161772786
720851822
635689861
574904480
272928592
89891731
535706685
306121096
716575972
117726898
475232313
638996014
744605302
116762276
736513449
626016101
570336264
384859937
267134369
859869895
179642838
887268888
224132550
797611744
296191341
686949000
677525098
758810384
674861161
133564116
138775814
836633947
854415938
626982027
264054779
127344530
569390111
799761464
285981978
285966083
770004715
761214292
777478449
367126369
730492920
513991898
993142470
300829184
898851835
112793192
13215432
931011025
62080
237347982
581139121
148769773
776813334
111180572
907580157
451674495
244744688
898872323
140824794
99160627
378370703
404879573
79021509
947760814
204641038
217519840
86243249
974645753
831250484
863721698
194288474
561743404
230229948
39947296
715088940
981598136
152740488
728304372
912609161
5318920
818168706
346264635
154088693
594982040
457445207
914185203
899172887
702189895
665573878
39997681
653866874
43944581
444877255
585404736
844221747
502034645
802924576
782981348
329196750
486691412
499219398
523485224
48434816
729449347
563432520
616040108
563563835
716173009
196860833
328689348
574008281
15029539
674953983
728096975
462527932
132399190
494798530
361700819
834589086
160372408
254214853
340972312
56833342
699092108
926377048
753571441
53643105
581817976
536552790
382839855
68509388
35772188
906325079
969460556
617737887
469757599
585500665
33818074
38446960
782361498
362507423
612455242
649907389
37461406
193068569
112435321
22376949
687867099
326652493
856966035
700755859
580867346
50454699
757589201
132475806
976831748
363676995
186118911
558649724
900229785
568958766
479675465
788518325
475283845
449136021
258772565
797557796
887153038
292590639
836004757
522030888
655098062
300976351
171938278
545075821
346561272
136889951
567452770
34428371
463542444
276935157
587700582
44409790
327389856
197806136
176885596
304221604
561483131
363004507
715387681
314229268
931963273
195063146
102747593
259763470
496715519
214036510
57321267
383868558
359143502
745842376
905899446
14241564
899335079
930354076
411833737
245896351
67244028
979286507
132841074
530786472
256221664
720541656
427712615
583611521
918347792
604598211
740349477
332347275
820119071
455737158
646576543
604598696
503316656
601840489
864362167
32176
815876999
774199786
236417086
27536853
372558514
142316532
41778418
124409945
925186961
306128507
370306296
992430989
285415015
355663722
375733813
394153031
76205378
803446428
977764552
847069523
260560992
570630382
31933150
80680063
26367540
678509694
537795111
382200549
280350183
254673630
382232725
948743534
28873416
618649811
976280388
253948282
613482695
870575158
378358227
391186008
176703665
601180875
236133349
314635032
956844597
611867163
708788064
885566328
267829943
539068968
585152203
380907287
109699350
617085353
314103702
988583243
295595047
851898814
370783792
428461582
106572444
605532869
377205117
987962213
76699032
206001857
94426847
690181727
76577015
472785075
81367736
105797032
73965950
170017437
420432065
883326900
781884600
129220129
768893228
902230896
668289097
206561783
283138183
630504800
823647136
597241886
619088043
119242184
301657052
842388187
400220118
408229496
447921056
777425235
248708061
524620088
983427092
343134909
67318167
912520459
815919984
1202255
18317492
742402286
171219693
438749557
478245538
805620645
420486038
99655118
707851541
88775135
306216901
843506077
571796287
129864038
293264315
43400682
101622574
594921367
885788869
501842692
3150863
186226277
131784280
104375277
710846365
967727724
447510186
630680885
880248184
115946522
631883140
751082028
858348808
655619185
42347937
189110699
461239831
462833975
288765817
21607724
404125462
594982719
865113801
975921750
724846757
10894468
19322432
678985683
605815835
905111302
33344727
461483051
91337579
165129007
565858328
654700297
132856732
13368514
137897534
865621268
129315036
769780674
469219648
840180196
277916212
511567585
29290895
739156043
974401560
318056713
613280119
378527022
913039432
330910273
206965124
490402541
341804741
226287557
21904576
947620577
983915211
55249303
409103628
927769142
220378311
974961956
434985791
205751395
840846822
572883325
923889015
970161858
195180352
393108663
662858406
473096564
904676248
692149302
64768959
731594160
862722367
678049078
110121182
628278151
8959351
169602659
118680692
350764093
395890216
140585268
150901022
232321779
48350923
560004650
160090921
268729234
387482958
595076713
326996981
80846132
20476390
250885996
51007990
215656742
496511011
566382748
688753306
253703611
111048402
753522265
985297771
973770769
431571344
947935306
602048920
293047047
117537965
573245964
643811140
365944533
566347584
794712162
598266312
614698508
207233164
758357233
735944094
447232474
205950298
62941076
528078606
226426689
166343424
431602948
442083431
662854436
997985697
130836738
916558047
109034099
736875355
901855819
82804869
20963051
702307477
537370141
314010099
819845442
963132458
957821239
38306327
381996394
605049754
636572639
996694902
664799270
247446224
585155349
112031745
453396523
648096425
640110351
532339564
814439849
71713300
974422995
329810637
922215349
957776085
246368685
31249448
547167793
740856
966570669
568130844
703048333
356457163
882140943
375410127
172105973
692478535
413716454
554102367
150044641
50289093
403313622
814843911
150251669
988468971
926875656
603648192
489081748
419502360
135987756
156037949
343732012
962927104
485848587
118463713
773219541
732217272
2229513
172903686
585474480
968800183
741034531
141039165
177773698
623175474
516449292
349879671
168170361
782682098
903982038
318215002
685487543
159812012
133058914
835739212
148280983
912450922
291903757
637362731
184469634
280407865
793400681
528201646
95851321
131765620
646665359
869070863
863982892
648894873
41974549
301973724
470211408
635525432
443012889
500501458
111217259
959462181
850381129
279387620
594660631
606879519
597602623
280148174
766691532
730661537
115887386
767488867
495628811
260307495
257367951
680098446
540715361
50768632
60816444
636566682
35050604
707481804
358153897
899033496
208893029
252644799
53523572
531620789
888170231
496536461
32122247
999387490
308514994
735019728
278775111
903175625
194415599
876377734
35840151
961107131
459555623
4243889
581112351
955184434
264551385
838480302
487799232
805266746
741765286
548615677
441833428
776815890
108613833
799987326
528365738
317506862
52632125
581889310
849127651
793318708
78425771
733766250
792706199
386940765
468785978
923997662
142632742
663201577
652891748
178472893
476825061
112447371
182716782
57937412
920148157
447268167
748934066
260463742
252534913
490699352
809079419
546884694
120031594
917693252
199388372
648397332
87716466
104536849
230286642
936844117
897855557
161228765
523126719
543078108
548169530
991912697
467075770
690802272
507630626
119967518
869275165
836972039
84931241
51991947
747425803
857595751
351776467
496359869
118059493
604311380
839575573
779655264
3712426
959607167
697348516
203100798
608004499
785064982
307637647
690807493
574425451
205493205
852036258
97552170
748571313
252722140
941981219
68163436
943524412
302128197
40647306
665315929
139100237
978094900
569824229
739042392
688207003
921600696
87918614
658782848
378428428
927494187
438438112
382140855
887101355
988302980
585241653
347622206
625884314
892879301
38429700
52826117
950888858
742982310
2894639
551976523
995704451
944875858
620139959
791745215
99520407
513303618
309577497
91136996
491398518
879401726
830179389
32121873
653518774
918098003
690904721
884463554
698108542
129342833
119120761
437726249
970162165
704362415
785348456
596046479
449758068
676294508
648872596
253163278
271793170
651767235
805139801
267497621
449159445
277796113
59242837
401196204
791099731
221336686
492333201
135014601
100738412
175028942
167136474
606773538
945643297
858041195
343753444
643751839
839900380
462874206
81478089
810062545
19752973
719342897
258625376
469511041
248153757
760014324
722674319
519946927
264297911
380330472
639960901
713457356
658126585
551720090
114653560
449226316
773056776
459503113
584240917
726311540
487048407
751377391
185601430
432691704
461934938
529354874
928959896
301835318
992229080
862954337
964414215
11982053
434813586
75555943
334009446
682967343
835570267
56683765
55430622
99868178
289530590
695391523
665841886
947657175
99627965
633011799
249399844
872684741
92514912
833640761
598996281
432079672
437534505
784597711
864771376
899469443
166468938
646247624
53821114
158698018
509201961
18235329
23196424
944015547
93791273
357205870
479499242
781877892
266405988
387446217
881746071
555936578
82837740
400104309
503593753
34982058
33116108
752993597
907666799
978147373
439150711
359179433
410227045
729201568
143777144
127514773
481187363
162762434
773762398
535008477
321460453
135480711
405760159
344656877
932012611
352067784
701862747
264028205
133945676
968268735
651474422
868208099
376721665
586828515
120828761
880315419
621810573
153944869
485825368
529477372
132092242
777492431
888656805
394835639
506693999
884950302
374866765
987881363
47712736
1145515
375406192
221689541
136626226
633682703
418862770
68638837
985750487
120725518
185183395
972212516
941510605
836657817
692936967
170748623
423486332
813765728
51064042
45296905
820226950
389405762
427290630
804835544
19414546
168463787
52187536
526108545
905930441
427054301
366506260
806159530
428199816
594428805
27849071
564826042
228111508
299228194
485981232
66378348
272470064
671164627
891107216
66497021
360338796
436560535
237245644
783825129
102842616
140826038
681638386
923069566
530231801
961445368
727905110
549646347
129909156
780092646
928271244
888355949
59663299
147293857
694515479
487863115
741722662
574880903
52689158
969834170
874109097
391186742
888728870
146579161
914867721
779836086
65592534
275206517
68912974
302838179
911547998
171755590
443664217
445702737
94825156
973896018
407148105
675246618
376058717
389573613
307855617
156846314
130445915
367518916
304140171
824961394
855382032
45862833
252358649
760587542
868213355
978984098
4290636
756942226
978079611
919158357
389294664
43672146
46881226
458207638
346510325
958429225
629963228
790174542
404131962
577304736
616586913
663796419
252551355
845161982
53370033
560406972
2008296
36332300
927925888
306148467
861293694
635824272
204527652
966168696
396411814
72741008
945152794
400702450
682199586
775748758
172377159
71494250
819420904
219258386
382218241
18447581
177687611
864697821
661138475
434335925
442002558
130241740
98132344
547070265
975403723
4018729
107477237
977412019
40351029
887919477
136076839
754161076
376260102
340604491
720329772
772671916
265861851
517998918
25890719
948061437
146264028
198267878
872072040
965684932
417526264
106806633
836648865
447730227
971504454
497787341
882066152
266023364
628029081
980198497
813093629
455949156
836733578
773087218
285877528
877084608
513523048
421954367
483762036
889783150
615075210
56608160
514971418
880937062
574607078
540862137
828998499
720871107
591646368
553586891
539072391
9172632
660393524
228237609
309419212
631897979
726024950
191485364
897921343
206570383
24200213
563531325
662519540
860933792
336618543
948397068
590534752
850141591
222867787
74296788
592441093
837942997
130904948
107412512
571396411
558028378
500791001
252911263
131415837
92437369
806498154
523004581
954126354
466891679
751242190
263545566
951306010
329783492
307547282
701743705
536353875
331747496
265275030
51389767
45197640
454409926
852303187
488248744
157067869
75170974
415061884
749508963
765630324
398483184
856921475
189543087
956511562
210228828
442454350
940443752
302666198
248952505
463448333
109308904
568360536
67206875
372854470
519666546
396990367
680401752
73926603
933344242
864665600
339201634
837250362
909863240
793611560
689553549
250628336
950679429
617240876
665690220
552704744
235387552
64173404
262142571
424930639
873201319
472371400
867384990
813645071
775037598
968853847
129609756
884346502
537214383
196816631
109717324
909397281
593806998
642635428
983323884
379667592
507301029
175041870
69434306
269680621
968653430
758987856
520308958
771849212
228745084
38515530
177070308
316648988
102688935
439212880
741579627
975890254
911584280
461480969
642051677
539138230
282851168
624177785
276001084
820065551
820994416
385718408
581979184
267317766
28353836
565303069
499501710
388171217
740344939
568936017
510368191
561514722
180440225
30677149
185880286
409185309
69192679
362950594
725834297
24397966
802163474
319930276
852804572
566264106
633927598
347372601
105402336
916778766
971550386
381403420
589360670
645061154
619638180
171339854
912378920
500508369
589159275
264396983
888679586
182020567
833333000
251564129
743535289
13773225
134757630
781931927
275474886
56466662
144882521
1309183
80864628
799562348
173755811
933669201
218342806
807683409
133558154
323745143
576978528
105108541
557664915
166339198
750169695
177303096
190195404
515064968
677811465
779354680
779461951
419007403
961375247
465311303
670571533
557426888
479084528
805329163
339358815
754559414
861795825
336757688
608384949
795176806
988836388
634657112
581362359
207179195
294856874
714920513
383440690
871835402
820029054
941105605
38174600
422715102
118408701
80886356
790296422
648736518
860241036
422274725
920260274
821616283
887586028
443348159
231559523
219186908
101193674
570918338
973746322
962989500
760192379
434647623
610682658
749028767
69304735
192045017
808724314
216677961
906965530
192165004
88513363
579510937
133270610
979204315
854742391
104195663
60090672
645038813
605448534
920331708
67313538
378225160
594464344
807415918
821573319
826023867
26602826
922766993
249458558
852865500
738272845
9650937
140029475
348955503
611196056
61850562
393516872
272436723
278528524
152998755
464601727
367041887
732509692
450388689
198762555
439768435
407100705
258853227
84807248
865065591
31701287
4637138
243290751
478681983
664569408
64864070
157222203
691172234
840147415
406680761
396554086
578420261
268848050
536583561
779892116
732560458
598434123
173408989
4997181
876962647
326407744
322115261
96520887
911433788
772503950
295283442
351202223
32121007
554136669
288525823
897186598
438354308
145679313
992993701
917036292
810248721
910374123
74258495
353937307
750521539
333455608
750491393
181458152
602303658
139591306
961350268
187380468
738025429
987275609
192377650
614988077
166199705
514492911
711508964
77633493
139513213
6792406
281352068
24150573
413445427
569877891
921337171
851799735
568073556
766847225
621352379
230838629
677221348
695610874
584775936
280259239
29066482
187783681
314233743
483886492
327374987
128100364
671266961
65400417
115375973
716160963
532904846
281575679
83170226
96930162
211725524
222683439
956238920
493077593
246834012
222200699
62955484
20687536
74000434
483545393
787534761
547869166
714384022
317272461
95996392
151676311
450048053
125062875
339459992
764281796
461465719
519351332
892382160
985249032
437268101
7758134
701409995
970172947
141850165
784580221
919619461
353575689
859780013
875858381
846653282
106614025
98059080
762125119
979817913
24575866
98186864
619869026
424961384
812570886
937141488
520957777
964247197
239705893
498537004
156223542
3987689
960002723
675574874
896369850
797768108
112842975
756644336
351694455
935532274
751010853
136274677
855151735
104586542
848571042
583526468
803756177
807701419
534101900
418397648
787519333
411194118
516584512
259904711
836155503
181671750
49562551
209629632
145918948
289268444
708166636
302142490
293256134
520685711
977717364
42142336
318453819
943076691
651303024
670148275
878608965
402313877
658939304
586277052
359416771
360026698
22319872
15689300
167728117
408938124
286603300
807763802
820132242
803187812
67668514
508804097
984859563
117231065
718433729
983294863
406499510
279116717
137953705
552271996
799802429
115671069
594414332
118256248
911264112
98233708
640920875
642389429
500547585
152376531
81182833
712480708
512403229
103502705
728170009
532647699
512440829
14773309
340411501
185089423
670477474
260596367
546409873
507853389
377827433
117359954
343664604
636843295
396476672
481618309
189115291
196279101
449805730
636045975
167051701
361069842
734279683
660488929
3459271
87343620
812865460
84642104
799824328
177785042
40661161
380510689
710432741
405618342
247800351
903360594
590707765
918277825
163956962
137117638
278647566
394300747
106993945
622312170
31144042
503470617
103930479
72775685
699749718
406252561
708821660
719317771
767322403
443101343
379806700
623298026
530444963
45188513
560456482
182785643
75489907
453633995
563296333
785922648
859252337
811096684
541799594
302476454
581890861
705756556
292110445
860538427
100057303
399104390
335366949
983717697
902575007
291813780
56493382
454841077
698066341
765315042
174158848
317905096
60932737
406481901
793719474
443894052
451670414
206692308
626679696
527160321
660326303
189976029
165599321
519578640
1072713
707398915
822055094
435479926
265671824
114165539
148534705
218245479
365786281
483901654
54479529
268361288
628231786
110972911
723202365
178814479
728804306
749877566
496719575
789737043
156359467
142955401
86147448
460546233
349647709
712827144
987706554
9974012
902803173
5822227
382069004
756392238
565737494
56640450
44388516
831409318
23322342
192923221
902171150
389108623
676824875
956650679
657469912
157573013
67623590
233188629
336387492
648944248
983066195
833107067
291197644
991942014
976062468
377345092
452488247
178226529
90172236
292711153
188200541
845491761
151049732
570269545
454400351
716787227
626909995
498788867
400712897
650232337
691712088
302884047
39340961
221053315
112051078
549327225
378626328
32191021
635032206
715013820
681135269
470614754
400637239
972332913
462556768
229216059
349678005
767561368
407442588
292366593
60272521
595643129
137858354
63838606
18429026
592258705
780625833
497855373
91047572
181338730
604063
635276012
336739130
39945024
856329327
448790208
441788601
234955655
480981229
76820807
949969475
162116499
399951913
203123066
134449412
862508682
432339125
336643770
482586402
839781713
629010363
395375275
287941194
619385070
459213881
306370220
64160127
239839714
804225594
7724052
273694797
804829657
643000064
610433927
697291033
499329392
59224135
991595986
586801399
540205365
920933145
389287227
554838216
320885059
592410293
541803980
35910093
24749419
878447750
518496495
864531132
359974466
913871770
4988679
979359536
225602004
311358899
43519663
465441718
968100845
51243715
739136515
625446854
546760132
202086794
175254239
46089524
261310930
166850225
485407275
654032647
87783371
874694502
208870863
261184782
467104796
750674843
149611227
344370567
481638946
668107722
61418051
694129764
434495844
66406730
526005652
660097848
377765630
422041667
978055919
198382827
325801735
569708786
823829682
872561867
771795581
999083921
771167743
33106511
18450499
256575018
539655510
106233870
131269521
748526373
219935004
450890669
351717568
369546231
795261236
685872866
890170305
856679287
380002630
177182501
923086018
906008282
837280350
153368000
180566302
667852621
351750827
506368037
237561407
28096861
378929904
9356988
27180783
2613999
894979851
45631282
259189017
287151713
4381504
242974890
35678086
76832860
546381911
239912007
446379091
194159499
925784873
189065748
50838787
158303856
366248249
826441157
916828490
56044951
832325509
97394792
723897572
36592688
603762829
961458980
64689550
835209085
823332320
91870333
837823084
570828524
137501615
97012102
857980237
994399471
192503344
746174676
71232331
738885256
838603035
370127774
933044755
616904260
559193522
836399894
775208116
925441771
515357403
544552959
981486723
200199264
641947751
705384295
236791953
98226933
519359627
301481503
933436018
195208300
393351836
623775455
618553176
383369803
573303909
329049765
230285626
765807253
75224441
301517957
357208861
766343828
671645731
142769969
383248089
83355605
831686215
10972557
8797376
199559971
555525516
990284099
399759235
49989620
548184747
636551188
732905
920060726
938032691
934168923
115269026
183900879
410460730
586338554
567270682
983764639
915388320
797556308
602088245
843129113
951590617
959297106
609472942
475752700
954583427
845237383
559108305
786269643
856209940
567905682
985829614
264251809
410706133
238105201
166757781
811407232
874656390
167490686
731467959
812689081
101659609
699253337
996589961
364636692
138108244
416376995
348401331
53496564
66449656
950489576
896625677
18040273
762303035
358614971
346309326
569402814
56368706
905417631
208188809
912578647
325839665
46534775
29346808
736545799
284639977
196104589
400469383
159296367
363595275
131937342
824501800
317771236
683707032
673608113
682407928
821815276
89985109
883325612
727828192
8951117
686331540
476970221
879507742
301150927
835585193
225817068
870553742
891953899
131234700
78742551
657048898
309590717
125277327
538912058
46136516
409917304
735016647
299122252
421730023
951128274
283575946
246231823
121415863
967282978
919839937
803823791
641614606
862341398
539665755
221959150
723808867
225997296
698929372
603316609
527148223
387030917
681650030
250218317
131501168
665401082
328960869
788550067
974991799
306754548
179978477
873644668
716671852
914995125
172766920
138401875
718639751
456342866
237150050
840055614
276142197
9506339
496395758
770273155
724364089
36061513
992232306
448172956
114575161
691161678
904005918
641723385
78192595
585655948
891941702
62210115
103573382
73418923
850760182
78565181
380173471
30738660
952209849
949361675
798250137
977493121
940279902
369406240
286352340
29946305
209461855
562494537
39452644
705857613
185284044
763816734
594435478
177516350
64506042
709010640
721194380
968511960
203250377
651903327
406684260
95192079
714113443
510257642
21127355
417389977
441339176
253817178
300644989
246065377
203178854
98895126
223558499
143458756
320817719
509910839
25921413
530279574
924921728
65374058
88653539
110205772
681707144
683089017
140238475
746213186
244616009
861432855
567241499
447866386
513336183
826442111
395574818
79965978
189216106
416702173
497355955
630555282
670519351
798000945
876620659
726214557
749412423
100179158
722189666
70230142
462606349
748111079
453026068
240044429
813485137
541679607
350250202
347708633
77284977
490488677
93921820
321900986
204437884
513679671
769767373
717774067
192638134
17858543
797740045
381854240
434560716
147612353
12409522
957596419
945613298
889030182
683810977
695025721
841725692
258516995
617772216
156848394
6628074
70798284
396892823
672629564
464994244
599659377
20338197
542279221
90148054
966776369
716696559
147102291
332972392
338980284
864876358
525610527
356838827
515132756
907464767
791399543
662745109
919874290
601512315
460874759
661420824
137839644
8416832
355662868
396356639
626189048
365027614
402984713
696987333
761920438
75614277
14497929
214096167
948468827
556777150
156760574
915245196
125990061
303862865
100733941
464970346
21255575
626344468
821809173
536388331
533809235
465725069
51649792
306199877
67237384
512524551
820137053
205077028
520941384
28316274
601433667
147130432
393343888
856934732
696634117
7780678
785065362
711132046
221876846
733534189
120425548
378637420
501295737
246415610
682500285
602029678
711385956
703755860
80890498
385711481
92660544
614699734
851436550
144310336
773415963
918673934
509351240
593553017
976267314
30292624
621869291
430217333
29939408
15213179
287152066
579089878
22993858
72217428
142738276
97387056
658267969
115680177
476024476
12080058
362095787
158524761
466626089
925998095
862280621
547516587
311709576
954941165
14732673
15662479
951767854
788148637
934336413
461119094
234218006
763120080
343928070
856087297
193337413
226383830
723816828
333005831
657990060
599327038
257739611
800728337
696714094
916007580
916408514
25254922
780603991
131020653
183779683
247230080
57018748
898576657
794746667
221244676
706034174
809479341
236907155
657802028
450144330
23759921
971437474
684362336
786880001
167881896
392965985
832733766
394265727
116782813
165739598
52255787
568626204
423479209
705500476
117856650
192003142
474425342
143111573
972607133
457962347
179407608
72353565
367497447
77984265
719616584
588742124
784018440
381612277
678165631
294336820
831756607
701925552
118290647
516118943
341321905
286172543
909084928
26572024
680438270
878384094
192311622
585210410
299526650
468307183
143227238
269899652
660310325
470168933
413011225
485433810
928131280
592418834
410303727
295628728
522919451
129920312
736887204
159454243
511532589
415052835
453791064
195805549
969494740
572081711
711924492
163332997
858254254
473525773
189905021
391208877
204426219
382216643
828935639
356469221
850523827
972162877
626368873
363350504
294848162
39380099
701300667
222979443
484315285
111604394
371124523
7234736
94041058
108011727
19205332
605573648
375580914
472996396
801379197
345075654
897594459
365820041
508408652
608365065
691862166
698313673
999573942
896288385
933046669
681025933
105273958
636086848
505705163
731642832
999437352
800553325
623539283
553254371
23532768
107854568
664858766
247173643
967605656
758899824
355185370
986810988
216989824
730766285
312323736
870885373
928358291
62434547
89221767
289283295
670799613
781083933
987596969
522889907
529888671
773159990
203915841
635162629
409246838
709621004
366805461
261200542
362690681
990344744
814454914
238739802
950715664
331830032
485913445
770837673
943246208
841098816
610165013
12752385
424381453
775005102
883637758
205256096
837439649
972859525
494539392
508239262
753943459
334652713
31129170
136348482
107812703
87561363
771511111
369575893
649698719
138316573
630776435
12389400
981177669
297747701
251129202
784409686
482094085
737042648
407763711
425340294
430657816
870445076
438092679
707555621
645450178
174246789
912811717
335406180
147106315
407351109
843645442
753566126
742003822
727290964
889914608
702332877
667368679
661425719
71908770
317067398
652258644
555201558
181973151
485952666
852949259
433102353
122878704
187559697
22661353
383158767
612899991
305835521
253603843
903509022
13391142
751570374
77755811
926202860
86976554
77378478
186070321
783138348
830944604
780590496
362945665
720859212
482923373
30314344
234801284
407348496
199898095
739576280
962550054
381871246
78045298
668015665
814973599
200924002
855575362
690151305
584082769
320991705
995986826
690202965
224500727
9377969
441773339
154772891
788097181
381266245
232151369
826683854
164404593
63095974
607274350
527350258
636471538
942714076
410180955
871272822
350062572
610079050
463365455
165128978
991950296
541410753
833144643
659440247
742334756
688720006
349591552
178933877
9711711
198094731
869136842
86728791
59989052
163426533
241501682
848086233
544692778
473653051
527286439
561613724
389265377
134560790
88963982
25736916
929791218
351661289
749526090
132370142
961740339
212891545
297499120
953690635
754302299
130643763
465647235
349153407
671880121
815238787
380603636
534108185
13333518
102256831
620836976
73322570
265683364
714855010
773925155
662892495
41024413
153727947
224506219
430289791
140805089
165986553
456026707
70596307
517647843
58069149
202966449
331904534
270960695
500465569
138111522
877779346
483625684
603758757
79449105
155505806
271513896
460052741
689613991
137363767
562309572
162967319
63202689
827992937
877822329
837127845
343401784
918846742
990855792
567908003
201652885
131660881
586410908
657679592
54773540
104058751
715748742
110256341
288479638
839225789
610721910
426591160
717005135
94347594
30349917
796454240
102369752
301863813
109023333
644500095
439227580
671332906
807467414
502430270
351842195
537806095
192074467
695243979
309169190
35446611
115668334
510822075
19623844
702079242
21018020
74397384
658654346
589283114
37170077
947133984
428508903
647891987
373725144
998030390
594755933
256591413
647000982
549642038
558455226
756024315
194142133
850199159
427357221
854125900
205145781
779199416
244448347
397220248
326959747
553617537
285183211
442628081
916955965
304807055
144707324
937973985
231720791
803361670
379773451
268890868
603012006
808282354
769299207
976737150
658829096
216571492
85844915
305830078
766213530
644300141
61854393
960355664
347015652
341727967
666997916
552161433
973443735
911446263
949381681
300403483
317580153
87081244
743031564
234536118
391888299
740255240
25026455
476125442
396133262
404799906
745016310
999145268
65598612
366831869
828398770
724427708
583403362
914243685
882774138
349616892
411060179
797144883
162488908
758075831
138872850
829486824
310237265
964832938
593449440
112135298
117752773
911029593
199216543
860784337
145565711
443621194
453555930
23108518
919746637
849689192
280424776
517279299
848834461
346023388
884111169
529749583
922967448
467514531
443993269
805741586
669647775
855053448
455402821
832136684
465645631
446792024
514139860
775882896
411624962
107589300
740534547
529377735
871135245
939751090
242678424
869217308
235888636
696234354
892325826
155635273
398439899
25266954
672914573
99790712
371290342
409542094
629540295
146774142
877056625
73533564
952515728
399220752
781103364
260434902
83873788
99265348
707226926
598013649
875148244
118851888
558119301
468199143
500745975
281770899
260466585
595940751
150988207
496355222
144691458
895830386
651990495
543131357
921097340
177421420
642922069
144904035
586963514
272462364
291678177
316536491
198512281
96710258
715757244
832131997
357145160
799631032
931397345
64372086
250161033
659061942
35740326
660796687
127261085
389002653
942567586
387727671
984943404
93555793
884082893
129634862
841902531
388589740
672766219
762999872
418527513
168204640
907903907
5491027
440667005
52098436
174543871
491695638
148808694
742817467
323827635
505953854
394964851
107741333
570325940
645125885
766803275
458582618
158438924
894064360
847585271
101006510
134308383
832528676
47078655
870907628
814679890
888981187
112013721
339962462
504497411
530541234
508167102
264917670
388548613
948834107
317016106
563092484
293046097
465824801
158426303
616873733
971778655
553391155
724615066
394620948
51033392
343934693
853203566
209472316
90515405
553305190
310478826
224823789
238350218
210073833
95731417
53030108
99055020
60261490
392992570
456068783
590802724
901159673
573502805
979351338
702510132
890518912
394960174
995556230
208860065
553386478
464946315
33155072
106777633
42077733
280292372
157811025
386012426
133495939
367283341
476527831
539317481
530278519
553867972
777667699
740352352
502115742
830697807
691923725
562377232
76206730
508860
153179957
829882755
574011666
132531295
384909239
317046930
380007821
232981821
525906995
933394299
697928136
411578419
40171932
592522221
691870792
50499309
978534647
677883083
270299002
307578831
217200564
800577521
861446803
994868263
540929874
216078897
678082422
85369951
778456130
606805504
85878811
931636087
436688259
659890477
916683734
821597499
976937407
149207907
54579320
355360754
82602207
605023809
766939174
975290491
50062382
458809966
25789801
28597030
136693049
148605155
188692213
206409965
949182677
902655368
53794580
342628903
118734266
584393354
427998854
897190396
191198859
513877665
681342835
480403470
173768143
450542921
154517321
3221902
599750828
61612994
358582657
534869387
666636803
125521831
510159879
716699185
436848149
388466032
597812567
426057550
537071187
639021132
632467515
338770216
541676501
538778447
681399119
512927119
123171801
109397973
262633867
166887012
623275639
943976702
647290483
649560134
247035975
801807804
652782036
699303155
863420798
11364693
234172543
382573953
136886524
596848774
99273139
426251025
985314806
549602058
852308575
374902345
41139543
337292442
713672562
582816044
876070889
247588033
95743163
999242691
356986007
210893382
18646055
832777998
7386436
665936538
482338132
254422411
467744343
135120168
953725566
183681493
999001214
40414461
566255447
988404090
637263235
518044938
414655116
475094393
67646996
119480043
702513091
108786539
456772486
268702005
544118935
332843375
516290038
492378450
184602418
873276045
703271832
203248474
558570395
710658268
869185012
40908527
817597031
189445707
28545048
623838950
373127201
880062614
664253411
939382648
868466704
154032999
309943938
135638172
481643744
230107286
255118216
184156835
191410178
711890702
452858840
735529113
897250429
969148879
80423916
81852848
694941276
636212100
137617674
106028024
199386721
859319038
146936551
16983752
48764746
27997951
640822702
274408299
760576917
157592466
66307299
481559974
164141817
376251237
617198146
645785561
606358523
724832714
829942397
797768701
289239768
135317589
385814167
186490198
956982820
318754435
120859398
504440449
954966535
110993424
610468473
154353256
970312462
609921376
23853361
871593560
490435680
664676063
146001859
251012597
674784881
64825510
732572571
838926698
293593099
202287070
484712260
899951623
927119784
167171009
550236676
68875905
155004950
788567195
255366103
111987771
107321630
228741853
616428220
62288166
339735277
79413045
69157774
310047739
689334421
93011135
34157652
179770101
610203551
32675863
283299051
284988432
97501374
15871622
123915131
391094473
70675044
461143743
143562448
850311181
480831104
546315477
919187086
635836054
334882672
27069541
747823825
294720655
255811394
216768397
209525173
595546671
296181442
278682947
905594410
985515864
224210435
939752062
17802317
834413986
972427926
301101368
119402418
922445652
169489343
95833901
166056477
92680739
409493996
309618926
942991920
890325100
855934403
862179006
378677507
43333427
889248547
126501332
338054082
145059941
195786082
547579255
593122964
344483876
678778555
351233727
182516092
902988990
143502141
200318410
737402976
115930067
353936130
709321746
890892071
523425473
657672000
56948549
616106213
919682348
219083827
411614485
662523801
75018230
126309844
41201308
970868009
15558391
20218992
161438444
13134685
68521426
709017699
458774001
413005303
240312606
810007728
595521395
143301596
953509870
795839805
733220924
921956289
2292288
295059023
812848361
525717761
952731023
722313262
994340326
724929723
941397089
405954812
387453524
868931671
532264656
281171184
839799680
400339399
301390177
1238124
265990436
369911603
562772176
724764438
782916906
803084782
387288518
230954654
798902731
340798388
26794459
532123655
115271030
29086747
827182678
928119391
407320861
632430053
502949005
254177539
209876129
444346094
660132351
597329653
165794117
44913359
878500838
5593797
297769111
32407367
859348274
563759547
254835322
274636802
141040337
37752229
930237936
528328856
121223235
729140667
721643596
534046
113780675
836914626
29620794
793479705
617550369
289458007
278426111
120499374
543635546
488302240
417361820
56284250
85631893
583155937
101197609
816649083
441266087
251483072
701572802
153130713
815242620
956408125
427767515
808799309
846676706
210521803
189644517
967899941
939662471
911288114
968433987
905959498
748202740
850571133
699439203
218269462
140029140
977865314
338768836
536181039
318683906
756130657
444981641
256832152
191802946
398695602
73481235
633069033
650178675
627570390
786199746
317937647
583978515
66483613
126736956
283171573
277005417
316381474
251071514
69184240
80185940
72021853
975143738
828388680
922592987
527099293
46658142
915138479
357480960
237943331
303835870
676164866
846590340
748817511
932997018
38393286
147513114
858994606
671462320
797691789
486564996
310178418
115629436
923059863
376662032
94882744
206231436
653667449
263780570
309819302
722851689
343966510
381841155
697995427
24871543
304434142
77611072
71529685
72088974
435092032
161989368
375924844
111256899
8579708
124742356
44253917
899489347
124771822
755764875
423468019
922463611
94846223
733646437
890609399
17906086
110308469
838008495
76653874
763975918
101789066
386473176
339343959
445755576
768314332
37339386
470627119
72748474
114950459
394673157
144837448
402558843
409178877
373278645
513815742
270274938
498021001
410586012
169764285
622792823
18867239
593232304
397772786
113713463
179395093
140898537
131619549
289703563
978907032
208273424
906195833
933212450
594746600
245539793
231484379
215577284
135395531
702111498
140842111
102862342
949301007
138195911
505421186
358479885
511474556
871753280
628754823
9495557
134855644
651035460
484804732
153722884
96784116
735093870
267436347
276179209
875992407
399055896
565882772
707415792
459845672
324594958
493144594
54592273
570134751
724628973
122685909
558046634
279256824
263528020
660908977
228557831
401723932
18846515
439554068
913198488
890599795
68308891
775210398
25455440
571860703
112531482
31694676
668644819
847625353
299131023
944824029
576134112
698186919
363223153
136066256
10548944
687818111
629210851
65141217
110469214
353839824
40343478
668515849
633096648
303871499
181941178
714170832
705595431
200787693
153724900
618793919
943903840
74550144
246520669
821875632
646410847
359052152
853570308
167572019
206677505
152701331
112396048
782811617
703404603
475619201
918877874
713953547
15953665
400605077
631611116
126422879
754444901
671954594
794938728
240057902
975826093
976879906
954228734
681421524
30183951
960469986
152731796
974087792
35020130
399252465
795963424
533947330
758304617
502050085
701519349
817498474
654751416
666431749
452826444
210672371
142050950
224220670
924625918
10520967
624825747
556237034
136943847
231787000
80707981
931882575
471844902
56534074
908762482
278589988
590471951
938946433
91576327
743203747
765550577
126596457
994972564
414030354
513060139
605793534
916080439
67095840
423292008
423348207
733527589
876118452
634020579
728094892
100339122
558646497
738615859
577681221
967399884
875559706
809468222
48107865
659958634
133829476
104641939
421237468
412419465
547630242
212700253
503995792
143350341
978250831
483108601
138322906
392281185
848685093
744116440
160877976
915780933
19924800
584226183
501824875
748559605
218246762
82436119
701415079
629409612
673568330
279096301
596809496
401644389
88564523
497433713
61603023
74910351
454592004
482840491
487329816
2222247
695540744
843841960
145572588
526307927
179466914
136411846
918589112
28152007
880528286
79467088
796449292
752969439
516209624
150790519
501529044
734456386
233226638
55460475
216382350
906794969
334556776
813191846
160955710
275637651
163141911
222558733
350548003
617733916
557915576
690394171
619956163
105972672
534236132
618045103
632280600
713703046
754456950
403386064
594371405
487501588
335369505
390820697
240471027
851579129
541611217
594516423
438551867
627354207
649976899
654934218
386665528
984533675
320642416
547621238
112687679
483784328
770179971
315752034
101518244
180611899
6146205
573990759
286584572
392898689
192035862
918865172
106601735
946492812
322251236
553489492
286510753
657620741
944310190
526981780
361716222
338437759
121498204
800268090
965791966
623991455
455202308
204973847
461041482
775844724
752595085
573729161
112145404
375291409
889481195
213663648
555903308
748143753
787654407
842487880
141042442
832206622
761353052
100160530
631215786
936120641
653650022
917726539
446257734
450476564
297224672
807973957
641430675
271239228
608242047
459738994
895230683
915960707
664712841
356272165
544321783
417307926
782517679
656467188
