100
275
451
584
649
661
1032
1423
1739
1929
3172
3207
3326
3661
3733
5384
5397
6369
6753
6765
6962
7132
7482
7640
7791
8091
8391
8518
8562
9017
9021
10031
10285
10317
10409
10446
10520
10641
11992
12218
12384
12468
12505
12837
13443
13838
14492
14621
14640
14737
16040
16074
16626
16685
16886
19112
19234
19607
19849
20071
20282
20363
20528
21126
21853
22601
22727
22843
23078
23218
23414
23702
24011
24272
24634
25172
25233
25368
25978
26000
26029
26276
26432
27037
27696
27798
27868
28360
28411
30039
30290
30463
30967
31050
31089
31142
31782
31786
31989
32402
32738
