10000
0
11
11
16
16
21
24
24
26
27
30
51
52
59
64
66
71
74
77
82
83
90
98
99
109
112
116
119
127
128
131
132
134
140
140
153
154
158
173
178
183
185
200
203
203
208
210
216
220
230
231
233
234
237
239
243
253
256
266
268
270
271
279
280
283
284
292
294
295
310
310
312
315
321
325
325
334
334
336
339
340
341
341
347
348
350
352
357
357
359
361
364
368
368
369
374
381
391
397
402
409
410
415
419
428
430
431
432
434
439
443
445
456
459
459
468
469
472
482
489
490
491
493
507
508
511
515
516
516
517
518
518
523
533
535
544
544
545
557
558
562
567
569
570
572
574
576
577
585
586
587
590
592
595
596
597
600
604
608
610
610
612
620
620
622
623
629
630
635
638
639
640
641
642
642
650
657
662
664
664
666
688
688
689
691
695
698
721
722
726
728
733
734
743
756
759
760
770
771
772
773
775
778
780
785
803
809
810
811
814
819
825
826
827
827
830
830
835
839
842
846
847
850
850
852
855
863
864
867
869
871
872
876
877
878
880
880
881
882
883
885
893
893
897
900
900
902
903
918
919
921
926
928
928
933
933
942
942
947
949
949
951
951
958
964
966
969
974
980
980
982
982
984
985
988
993
994
1001
1001
1002
1011
1012
1013
1016
1016
1022
1026
1027
1030
1031
1032
1034
1035
1035
1038
1051
1052
1053
1055
1056
1074
1076
1078
1079
1083
1084
1088
1089
1089
1096
1099
1109
1113
1115
1122
1125
1126
1128
1132
1142
1144
1145
1151
1151
1159
1169
1173
1180
1180
1183
1187
1188
1188
1190
1204
1205
1205
1212
1218
1221
1226
1229
1231
1231
1239
1244
1249
1260
1260
1261
1270
1276
1286
1287
1287
1289
1290
1291
1301
1302
1306
1307
1307
1309
1312
1315
1317
1318
1319
1323
1324
1329
1331
1338
1341
1341
1342
1346
1347
1348
1359
1363
1363
1365
1365
1367
1367
1368
1371
1373
1377
1378
1383
1384
1385
1386
1387
1389
1391
1396
1399
1399
1404
1407
1410
1416
1417
1418
1418
1422
1425
1432
1435
1440
1441
1444
1447
1453
1456
1462
1464
1470
1472
1478
1481
1481
1489
1491
1491
1492
1494
1494
1497
1497
1501
1501
1504
1508
1508
1513
1514
1515
1520
1521
1527
1529
1534
1536
1540
1541
1544
1552
1552
1553
1558
1560
1562
1563
1566
1571
1572
1583
1587
1587
1587
1589
1590
1596
1599
1601
1606
1607
1609
1609
1611
1614
1615
1616
1622
1627
1638
1639
1641
1642
1647
1652
1653
1660
1660
1666
1669
1677
1678
1678
1681
1681
1684
1686
1688
1701
1702
1709
1711
1718
1719
1719
1721
1724
1728
1732
1734
1740
1743
1745
1747
1751
1754
1755
1762
1762
1764
1765
1769
1771
1772
1775
1778
1780
1782
1784
1786
1791
1793
1795
1796
1799
1802
1803
1807
1812
1816
1818
1826
1828
1830
1831
1832
1840
1846
1847
1847
1849
1850
1851
1851
1855
1857
1861
1863
1869
1873
1879
1881
1883
1883
1887
1892
1893
1895
1901
1903
1907
1909
1911
1915
1916
1920
1924
1925
1927
1935
1936
1937
1939
1940
1941
1949
1963
1964
1965
1966
1977
1979
1982
1987
1992
1997
2001
2004
2011
2020
2020
2021
2024
2024
2026
2028
2029
2031
2038
2042
2044
2044
2046
2046
2050
2060
2060
2062
2069
2070
2072
2078
2078
2080
2083
2085
2092
2092
2104
2104
2106
2107
2111
2113
2116
2119
2123
2129
2138
2141
2144
2145
2149
2152
2153
2156
2157
2160
2160
2162
2162
2163
2168
2182
2185
2188
2192
2194
2197
2198
2198
2201
2206
2210
2211
2214
2219
2228
2232
2236
2237
2239
2240
2242
2253
2268
2274
2281
2283
2284
2285
2286
2291
2303
2310
2312
2317
2319
2320
2328
2331
2332
2332
2333
2338
2344
2349
2350
2356
2357
2359
2362
2372
2383
2383
2387
2387
2390
2401
2401
2402
2403
2406
2410
2414
2416
2423
2425
2426
2432
2433
2436
2437
2439
2440
2442
2442
2444
2449
2450
2456
2471
2471
2472
2475
2477
2477
2483
2491
2494
2496
2496
2507
2509
2511
2512
2512
2514
2517
2520
2524
2526
2526
2527
2527
2531
2531
2533
2535
2535
2544
2545
2554
2560
2569
2572
2578
2590
2590
2593
2597
2599
2599
2608
2610
2611
2613
2614
2615
2617
2618
2622
2624
2628
2633
2637
2641
2641
2649
2652
2656
2668
2678
2680
2685
2688
2689
2690
2691
2691
2692
2693
2701
2702
2704
2704
2705
2706
2706
2706
2709
2709
2718
2721
2727
2745
2748
2749
2752
2755
2757
2759
2759
2759
2759
2768
2772
2777
2781
2785
2785
2786
2790
2798
2799
2801
2801
2809
2812
2814
2815
2816
2818
2818
2828
2832
2832
2833
2835
2858
2863
2865
2868
2888
2888
2899
2904
2905
2907
2914
2915
2917
2918
2919
2925
2927
2930
2935
2939
2942
2942
2947
2957
2961
2961
2969
2972
2972
2973
2974
2975
2979
2985
2991
2993
2993
2995
2997
2998
2999
3000
3003
3006
3009
3016
3021
3022
3022
3024
3025
3027
3028
3032
3036
3041
3041
3044
3045
3045
3046
3049
3057
3058
3062
3063
3068
3071
3073
3077
3081
3087
3088
3102
3108
3110
3122
3126
3131
3136
3140
3147
3156
3157
3164
3166
3170
3172
3175
3177
3178
3183
3185
3186
3187
3196
3202
3208
3210
3213
3214
3215
3218
3218
3229
3232
3237
3239
3240
3240
3242
3242
3243
3243
3251
3258
3261
3264
3270
3273
3275
3278
3281
3288
3290
3293
3294
3294
3301
3301
3304
3308
3309
3310
3311
3311
3316
3318
3323
3323
3327
3328
3329
3330
3336
3337
3342
3344
3344
3346
3348
3353
3357
3377
3381
3388
3388
3389
3394
3399
3400
3404
3406
3410
3412
3418
3419
3424
3425
3431
3431
3433
3433
3434
3445
3455
3457
3458
3468
3470
3472
3483
3489
3491
3492
3493
3498
3500
3506
3509
3513
3515
3517
3517
3518
3518
3522
3523
3523
3524
3524
3525
3527
3533
3534
3536
3536
3536
3537
3543
3544
3549
3549
3553
3554
3556
3557
3559
3560
3562
3562
3570
3570
3572
3573
3576
3576
3577
3578
3579
3580
3580
3585
3588
3591
3592
3596
3602
3604
3607
3616
3619
3625
3627
3630
3632
3633
3634
3634
3637
3641
3641
3649
3650
3651
3655
3655
3656
3659
3664
3674
3675
3678
3680
3680
3687
3687
3691
3695
3696
3699
3707
3710
3711
3715
3717
3725
3725
3727
3731
3735
3736
3740
3742
3744
3749
3749
3755
3758
3759
3760
3762
3767
3773
3777
3779
3783
3787
3792
3792
3795
3801
3803
3803
3807
3815
3817
3817
3819
3824
3825
3827
3829
3829
3830
3831
3832
3834
3838
3845
3851
3855
3856
3856
3863
3868
3871
3874
3875
3885
3885
3893
3894
3895
3896
3896
3901
3902
3904
3905
3907
3909
3909
3917
3920
3921
3921
3924
3927
3927
3931
3936
3936
3942
3943
3943
3948
3960
3963
3964
3966
3966
3967
3975
3976
3979
3986
3986
3987
3992
3999
4006
4012
4015
4023
4024
4034
4036
4038
4038
4041
4046
4052
4052
4060
4064
4064
4065
4066
4073
4075
4075
4080
4080
4086
4090
4094
4094
4094
4095
4097
4101
4102
4103
4105
4106
4112
4114
4119
4126
4129
4130
4130
4142
4156
4156
4156
4157
4166
4167
4169
4171
4171
4173
4179
4182
4190
4191
4191
4197
4199
4202
4205
4216
4217
4217
4222
4224
4229
4230
4231
4232
4238
4241
4246
4248
4252
4259
4259
4260
4269
4270
4270
4271
4280
4282
4282
4285
4286
4286
4290
4291
4304
4315
4316
4319
4324
4324
4325
4325
4325
4326
4327
4327
4329
4336
4339
4340
4341
4345
4346
4348
4354
4360
4361
4362
4362
4365
4369
4375
4377
4385
4389
4389
4397
4402
4404
4405
4408
4409
4412
4413
4414
4414
4417
4418
4419
4421
4443
4445
4446
4447
4447
4452
4454
4460
4468
4469
4479
4482
4490
4495
4504
4505
4506
4509
4513
4514
4515
4516
4517
4521
4523
4530
4532
4533
4533
4535
4537
4539
4543
4544
4545
4550
4553
4560
4561
4566
4567
4569
4571
4576
4584
4584
4592
4596
4599
4601
4602
4607
4611
4618
4619
4624
4629
4634
4638
4641
4644
4647
4653
4653
4653
4655
4659
4661
4669
4672
4674
4685
4686
4690
4691
4692
4694
4696
4696
4704
4705
4708
4709
4710
4710
4714
4715
4717
4719
4720
4721
4723
4724
4724
4726
4734
4734
4735
4746
4749
4753
4753
4754
4756
4759
4765
4773
4775
4775
4776
4779
4782
4794
4801
4801
4803
4803
4806
4806
4819
4821
4822
4823
4833
4840
4840
4844
4845
4850
4854
4855
4857
4857
4862
4866
4874
4877
4892
4893
4894
4895
4899
4900
4908
4913
4913
4918
4918
4921
4925
4928
4931
4939
4957
4960
4961
4962
4963
4973
4973
4980
4980
4982
4987
4988
4988
4992
4999
5003
5006
5007
5008
5013
5020
5022
5023
5028
5029
5032
5036
5036
5037
5037
5040
5046
5047
5054
5054
5055
5059
5066
5066
5067
5072
5075
5078
5079
5080
5081
5081
5095
5097
5097
5098
5099
5113
5113
5114
5114
5118
5121
5122
5125
5127
5137
5140
5148
5150
5153
5158
5159
5167
5168
5169
5171
5175
5178
5179
5187
5188
5190
5190
5191
5194
5197
5200
5203
5204
5204
5204
5217
5218
5221
5223
5226
5232
5233
5234
5238
5249
5251
5256
5259
5260
5260
5273
5273
5273
5274
5288
5293
5294
5296
5300
5303
5309
5309
5311
5313
5313
5320
5324
5331
5332
5333
5334
5341
5343
5364
5365
5365
5367
5375
5376
5380
5380
5383
5385
5387
5389
5391
5392
5401
5404
5405
5411
5412
5415
5417
5418
5426
5426
5429
5429
5432
5436
5438
5441
5449
5451
5452
5458
5461
5461
5466
5467
5469
5473
5474
5477
5479
5483
5487
5489
5496
5505
5506
5512
5513
5514
5516
5518
5520
5521
5527
5529
5530
5531
5531
5535
5537
5538
5539
5540
5540
5541
5544
5545
5546
5547
5549
5549
5560
5561
5563
5568
5572
5574
5582
5586
5587
5595
5601
5605
5607
5616
5621
5623
5624
5627
5638
5642
5643
5645
5649
5653
5653
5653
5655
5658
5659
5659
5661
5661
5662
5663
5664
5666
5666
5669
5671
5684
5688
5688
5690
5691
5693
5693
5694
5696
5703
5704
5713
5716
5717
5725
5726
5727
5728
5731
5733
5744
5746
5747
5754
5755
5762
5766
5768
5769
5769
5776
5776
5778
5782
5786
5794
5794
5795
5800
5804
5812
5819
5819
5821
5824
5825
5825
5826
5830
5832
5833
5835
5838
5839
5846
5849
5858
5864
5865
5869
5870
5878
5883
5885
5889
5890
5892
5894
5897
5897
5900
5901
5901
5905
5908
5910
5914
5916
5917
5925
5928
5932
5932
5933
5939
5940
5943
5955
5956
5957
5965
5967
5968
5980
5984
5986
5992
5994
5996
5999
6000
6005
6006
6011
6013
6024
6026
6028
6028
6030
6032
6034
6036
6041
6042
6051
6052
6052
6058
6059
6062
6062
6069
6070
6073
6074
6077
6078
6080
6083
6085
6087
6089
6094
6097
6099
6102
6104
6105
6109
6111
6111
6113
6118
6119
6121
6125
6125
6128
6132
6134
6136
6138
6140
6143
6148
6151
6158
6160
6171
6186
6194
6196
6201
6201
6217
6220
6220
6229
6238
6239
6242
6247
6249
6254
6257
6260
6260
6263
6265
6268
6269
6273
6274
6275
6275
6275
6277
6278
6286
6286
6287
6295
6298
6301
6301
6307
6309
6318
6319
6321
6327
6327
6329
6330
6330
6332
6333
6334
6343
6344
6344
6345
6350
6351
6352
6353
6357
6362
6367
6374
6381
6388
6389
6389
6392
6392
6393
6393
6394
6394
6396
6397
6397
6399
6399
6400
6402
6405
6410
6413
6414
6415
6419
6422
6429
6432
6433
6436
6440
6441
6442
6444
6450
6450
6450
6453
6458
6461
6463
6467
6467
6473
6482
6488
6501
6501
6509
6510
6510
6511
6527
6534
6534
6536
6552
6556
6556
6559
6562
6563
6565
6566
6568
6575
6576
6581
6591
6595
6595
6598
6604
6606
6607
6613
6614
6615
6615
6622
6623
6649
6653
6662
6662
6668
6669
6680
6683
6686
6696
6700
6700
6702
6708
6709
6712
6714
6728
6733
6740
6744
6747
6749
6749
6753
6754
6756
6761
6765
6771
6774
6774
6777
6793
6809
6811
6812
6816
6816
6816
6818
6824
6829
6834
6835
6836
6841
6841
6848
6850
6852
6854
6856
6856
6859
6860
6862
6863
6864
6867
6867
6868
6869
6873
6874
6877
6881
6882
6887
6889
6890
6892
6894
6895
6896
6900
6904
6908
6910
6913
6916
6918
6927
6930
6931
6931
6932
6946
6949
6951
6956
6962
6963
6964
6966
6970
6986
6990
6992
6997
6999
7004
7010
7012
7014
7015
7017
7017
7017
7026
7036
7037
7038
7038
7042
7042
7046
7046
7048
7052
7052
7056
7061
7062
7067
7073
7077
7078
7079
7080
7081
7088
7094
7096
7097
7097
7097
7098
7099
7099
7100
7103
7103
7105
7118
7119
7121
7121
7124
7130
7133
7137
7138
7151
7157
7162
7164
7164
7168
7171
7174
7174
7175
7175
7176
7181
7186
7195
7198
7199
7200
7208
7213
7213
7219
7226
7245
7256
7261
7279
7279
7281
7283
7283
7288
7291
7291
7293
7304
7304
7307
7321
7322
7325
7330
7331
7333
7336
7338
7340
7344
7345
7357
7357
7357
7357
7361
7363
7368
7368
7369
7373
7380
7384
7395
7398
7402
7408
7425
7431
7434
7434
7435
7435
7438
7439
7440
7440
7443
7450
7451
7458
7458
7458
7471
7475
7481
7482
7483
7484
7485
7485
7487
7491
7495
7496
7497
7501
7507
7515
7516
7524
7527
7528
7533
7545
7546
7549
7552
7558
7558
7560
7561
7564
7565
7570
7572
7577
7581
7582
7583
7584
7592
7593
7594
7597
7599
7605
7605
7605
7611
7611
7612
7614
7620
7622
7627
7634
7637
7638
7639
7640
7640
7645
7646
7652
7652
7652
7654
7657
7659
7673
7677
7679
7683
7690
7693
7705
7708
7712
7727
7730
7735
7736
7737
7742
7742
7751
7752
7752
7762
7762
7762
7769
7772
7772
7774
7775
7776
7790
7790
7792
7797
7800
7802
7804
7814
7815
7819
7820
7820
7832
7838
7840
7848
7849
7850
7853
7857
7867
7867
7870
7874
7874
7874
7877
7877
7878
7881
7886
7893
7904
7905
7906
7906
7906
7915
7917
7919
7922
7932
7934
7934
7934
7935
7937
7941
7944
7945
7948
7949
7950
7951
7954
7956
7959
7960
7961
7962
7965
7969
7975
7978
7980
7980
7987
7992
7993
7999
8000
8005
8007
8018
8019
8019
8020
8023
8026
8030
8033
8033
8036
8037
8039
8041
8046
8047
8050
8051
8051
8062
8062
8065
8071
8072
8078
8079
8091
8091
8093
8095
8096
8099
8100
8104
8107
8116
8122
8126
8130
8134
8134
8136
8138
8139
8143
8146
8150
8151
8157
8158
8158
8159
8163
8166
8168
8177
8182
8183
8184
8185
8190
8190
8196
8203
8209
8210
8212
8212
8213
8231
8232
8234
8238
8241
8245
8246
8249
8260
8263
8267
8272
8273
8275
8282
8290
8291
8292
8293
8294
8299
8302
8304
8307
8310
8311
8315
8316
8316
8319
8321
8325
8326
8328
8329
8330
8338
8341
8343
8346
8355
8356
8359
8359
8363
8364
8365
8365
8367
8369
8377
8377
8381
8382
8382
8393
8399
8404
8407
8410
8412
8416
8420
8426
8432
8433
8434
8435
8438
8459
8459
8465
8469
8472
8479
8479
8479
8480
8483
8486
8494
8496
8497
8502
8504
8506
8515
8519
8522
8524
8525
8526
8530
8533
8534
8534
8537
8543
8545
8549
8550
8551
8552
8553
8553
8556
8556
8563
8565
8570
8573
8575
8575
8579
8583
8588
8591
8599
8599
8599
8600
8600
8604
8605
8605
8607
8609
8610
8612
8612
8627
8628
8629
8631
8632
8634
8637
8649
8653
8656
8657
8658
8660
8662
8665
8671
8672
8676
8687
8688
8692
8696
8697
8697
8700
8702
8703
8708
8709
8710
8712
8712
8719
8727
8735
8736
8739
8741
8747
8754
8757
8758
8768
8769
8769
8771
8776
8779
8780
8782
8782
8783
8788
8805
8812
8814
8821
8827
8832
8834
8843
8844
8853
8856
8869
8869
8880
8888
8889
8900
8906
8908
8918
8926
8927
8933
8934
8935
8936
8944
8951
8952
8953
8954
8956
8960
8963
8964
8967
8972
8981
8983
8985
8995
8998
9000
9003
9005
9007
9009
9012
9013
9014
9023
9026
9027
9033
9034
9036
9036
9038
9038
9044
9045
9046
9046
9046
9047
9048
9049
9051
9062
9067
9069
9070
9075
9076
9078
9081
9090
9095
9098
9099
9111
9112
9116
9117
9117
9125
9125
9125
9127
9133
9136
9138
9138
9139
9142
9143
9143
9144
9148
9150
9152
9152
9152
9154
9162
9164
9166
9171
9172
9173
9177
9177
9180
9181
9181
9182
9186
9188
9188
9189
9196
9202
9207
9214
9216
9222
9225
9227
9231
9234
9234
9239
9241
9243
9243
9248
9255
9257
9264
9270
9270
9271
9272
9275
9280
9283
9286
9292
9293
9298
9301
9309
9310
9310
9318
9327
9329
9332
9339
9339
9352
9354
9359
9361
9362
9363
9364
9364
9366
9370
9372
9373
9378
9386
9394
9398
9404
9406
9407
9409
9412
9413
9415
9434
9435
9438
9444
9461
9462
9463
9465
9466
9469
9473
9475
9482
9490
9494
9498
9501
9504
9510
9513
9514
9518
9526
9526
9529
9530
9532
9533
9536
9537
9541
9547
9548
9555
9556
9564
9572
9577
9583
9584
9584
9588
9596
9596
9598
9601
9609
9613
9616
9617
9621
9630
9633
9635
9638
9640
9646
9655
9658
9670
9672
9673
9678
9682
9682
9686
9686
9688
9693
9694
9695
9696
9697
9698
9700
9706
9707
9713
9718
9722
9734
9736
9747
9748
9762
9767
9770
9770
9774
9778
9784
9786
9788
9788
9805
9806
9811
9813
9813
9819
9825
9828
9829
9829
9834
9837
9839
9840
9841
9844
9848
9851
9851
9852
9855
9859
9859
9865
9872
9877
9880
9882
9883
9885
9886
9890
9892
9892
9893
9896
9897
9898
9899
9914
9922
9932
9934
9934
9936
9937
9939
9939
9947
9952
9955
9962
9972
9974
9975
9976
9979
9988
9991
9995
9997
10002
10005
10009
10011
10011
10020
10024
10026
10033
10038
10045
10050
10056
10058
10071
10074
10075
10076
10077
10078
10080
10081
10084
10084
10087
10087
10093
10100
10109
10112
10114
10116
10118
10119
10123
10123
10124
10127
10131
10135
10137
10146
10148
10151
10153
10154
10154
10161
10168
10170
10173
10175
10176
10176
10178
10179
10183
10185
10195
10201
10202
10209
10211
10214
10219
10221
10227
10230
10231
10240
10244
10244
10247
10249
10249
10250
10250
10252
10253
10253
10253
10254
10256
10262
10265
10266
10268
10274
10281
10287
10290
10290
10294
10294
10296
10297
10301
10304
10307
10310
10313
10320
10320
10323
10329
10334
10334
10335
10338
10339
10346
10349
10349
10351
10356
10359
10361
10363
10365
10367
10368
10369
10371
10377
10388
10394
10397
10399
10400
10404
10406
10407
10408
10417
10417
10417
10422
10430
10431
10433
10440
10440
10441
10448
10455
10455
10462
10463
10465
10467
10471
10472
10475
10476
10480
10481
10484
10485
10486
10496
10497
10502
10503
10506
10511
10512
10519
10520
10521
10522
10525
10530
10530
10533
10537
10545
10545
10551
10554
10555
10564
10569
10573
10575
10578
10579
10587
10587
10588
10592
10593
10597
10600
10603
10607
10609
10611
10613
10615
10616
10616
10622
10624
10627
10633
10635
10641
10643
10647
10651
10653
10654
10658
10665
10669
10672
10673
10677
10682
10688
10692
10695
10695
10695
10697
10697
10699
10702
10714
10717
10724
10746
10746
10746
10747
10748
10748
10750
10754
10756
10761
10764
10767
10769
10771
10776
10782
10791
10794
10799
10801
10804
10810
10811
10814
10815
10817
10820
10823
10828
10830
10831
10834
10836
10837
10838
10843
10850
10852
10852
10855
10861
10862
10864
10865
10869
10871
10872
10875
10876
10878
10878
10880
10889
10891
10894
10896
10900
10903
10905
10909
10913
10914
10915
10918
10932
10933
10935
10938
10944
10944
10947
10948
10949
10951
10953
10954
10955
10958
10958
10961
10963
10965
10966
10966
10967
10971
10973
10974
10975
10976
10984
10990
10993
10996
10997
11000
11005
11006
11015
11017
11018
11019
11021
11022
11024
11027
11028
11029
11030
11031
11042
11048
11052
11053
11053
11057
11058
11068
11068
11076
11083
11083
11085
11086
11094
11094
11095
11099
11102
11103
11105
11105
11112
11116
11122
11130
11131
11131
11133
11136
11137
11140
11142
11144
11147
11150
11158
11164
11166
11175
11182
11188
11191
11196
11198
11200
11212
11213
11217
11222
11222
11225
11228
11231
11242
11243
11246
11248
11258
11259
11268
11269
11272
11276
11280
11288
11289
11296
11299
11303
11303
11306
11306
11308
11309
11314
11318
11321
11322
11323
11326
11328
11329
11332
11336
11337
11341
11342
11346
11353
11355
11360
11361
11367
11369
11377
11392
11396
11410
11410
11411
11412
11419
11419
11425
11435
11436
11438
11440
11441
11442
11445
11446
11446
11447
11447
11447
11451
11456
11460
11461
11470
11470
11472
11476
11480
11486
11489
11500
11500
11500
11506
11506
11508
11508
11510
11512
11513
11516
11517
11518
11524
11530
11531
11536
11538
11538
11552
11552
11554
11563
11564
11571
11572
11573
11575
11581
11588
11594
11597
11599
11619
11622
11623
11628
11631
11631
11631
11632
11636
11638
11640
11641
11642
11644
11653
11655
11656
11657
11658
11664
11669
11670
11678
11680
11684
11685
11687
11689
11690
11691
11693
11703
11705
11717
11717
11718
11720
11721
11721
11726
11730
11730
11734
11738
11743
11745
11748
11761
11761
11764
11764
11766
11766
11766
11766
11768
11769
11777
11778
11779
11792
11795
11798
11799
11799
11801
11802
11807
11813
11815
11815
11817
11820
11833
11837
11840
11846
11849
11851
11855
11856
11856
11862
11865
11865
11869
11880
11884
11885
11887
11887
11890
11890
11890
11891
11891
11893
11901
11905
11910
11911
11913
11915
11918
11924
11926
11927
11933
11935
11937
11939
11939
11943
11943
11944
11946
11946
11948
11952
11953
11956
11956
11957
11959
11963
11965
11967
11974
11974
11980
11983
11984
11984
11985
11992
12000
12004
12004
12013
12015
12015
12016
12023
12026
12027
12029
12029
12032
12039
12044
12044
12045
12052
12053
12056
12057
12059
12060
12062
12064
12073
12080
12083
12083
12084
12090
12093
12099
12104
12110
12115
12116
12132
12136
12139
12139
12142
12143
12146
12158
12159
12160
12162
12163
12171
12174
12174
12174
12181
12182
12184
12186
12190
12192
12199
12205
12208
12210
12211
12211
12212
12215
12217
12228
12231
12233
12235
12250
12254
12261
12264
12268
12274
12274
12278
12279
12280
12283
12283
12286
12287
12289
12300
12307
12307
12313
12319
12320
12322
12324
12324
12328
12329
12333
12338
12341
12343
12344
12346
12348
12351
12351
12351
12367
12368
12375
12377
12387
12388
12389
12389
12392
12397
12397
12417
12418
12421
12423
12423
12424
12427
12428
12429
12436
12440
12450
12453
12456
12461
12463
12473
12476
12478
12489
12491
12493
12493
12494
12495
12497
12503
12509
12509
12511
12513
12514
12515
12517
12520
12523
12533
12533
12537
12538
12543
12544
12545
12558
12558
12558
12562
12562
12563
12565
12566
12574
12575
12578
12581
12582
12582
12583
12592
12594
12595
12599
12600
12603
12604
12606
12608
12609
12615
12625
12625
12638
12640
12641
12644
12645
12648
12650
12651
12652
12654
12657
12657
12658
12662
12674
12675
12675
12689
12694
12700
12703
12707
12716
12722
12724
12726
12733
12735
12736
12736
12748
12750
12751
12751
12761
12763
12767
12767
12768
12770
12770
12772
12777
12777
12787
12794
12796
12805
12805
12806
12809
12811
12815
12816
12820
12826
12828
12831
12832
12836
12837
12840
12843
12846
12851
12855
12856
12857
12859
12864
12878
12878
12882
12888
12890
12892
12894
12898
12899
12902
12906
12913
12920
12924
12926
12927
12929
12931
12933
12941
12942
12943
12945
12954
12954
12958
12960
12962
12967
12968
12968
12970
12971
12975
12976
12977
12981
12983
12986
12986
12994
13002
13010
13010
13015
13017
13021
13022
13023
13037
13040
13042
13043
13044
13051
13052
13054
13060
13060
13065
13067
13068
13070
13071
13078
13085
13088
13092
13094
13095
13099
13100
13101
13105
13105
13107
13108
13113
13114
13123
13124
13126
13131
13136
13142
13143
13146
13150
13154
13155
13157
13161
13163
13168
13169
13172
13173
13173
13176
13177
13178
13178
13183
13186
13190
13191
13192
13192
13196
13197
13198
13200
13203
13205
13205
13208
13208
13209
13211
13211
13211
13212
13218
13220
13223
13223
13230
13231
13239
13243
13243
13251
13251
13253
13261
13267
13271
13272
13281
13282
13285
13287
13288
13292
13294
13299
13299
13305
13306
13307
13312
13320
13324
13334
13335
13337
13341
13344
13348
13353
13358
13367
13367
13368
13369
13370
13373
13378
13378
13379
13379
13386
13389
13391
13394
13401
13402
13402
13413
13426
13435
13436
13444
13447
13449
13456
13459
13462
13463
13465
13466
13467
13469
13476
13479
13480
13487
13488
13494
13498
13498
13503
13505
13509
13509
13518
13520
13522
13522
13522
13522
13525
13529
13530
13531
13533
13539
13540
13540
13547
13547
13548
13550
13552
13554
13556
13558
13560
13561
13567
13568
13569
13577
13578
13584
13584
13585
13586
13588
13590
13593
13598
13600
13601
13606
13608
13614
13617
13617
13619
13619
13630
13641
13651
13651
13667
13668
13678
13684
13686
13687
13689
13692
13695
13702
13705
13709
13709
13711
13712
13714
13716
13721
13724
13732
13736
13742
13742
13746
13755
13768
13773
13777
13789
13794
13794
13795
13798
13804
13804
13805
13808
13819
13820
13825
13825
13827
13842
13842
13843
13843
13844
13847
13847
13856
13861
13865
13867
13869
13873
13877
13884
13887
13889
13891
13900
13900
13902
13904
13912
13916
13917
13925
13927
13930
13934
13934
13937
13945
13947
13948
13949
13961
13964
13965
13973
13979
13982
13985
13987
13989
13991
13992
13993
13995
13996
13996
13996
14000
14004
14008
14014
14014
14022
14024
14026
14028
14029
14040
14041
14044
14046
14048
14051
14059
14060
14072
14077
14082
14082
14085
14086
14087
14087
14090
14091
14100
14110
14112
14115
14122
14122
14123
14124
14126
14128
14130
14133
14134
14135
14142
14154
14168
14170
14174
14177
14182
14197
14200
14201
14201
14212
14216
14219
14222
14224
14224
14227
14228
14229
14230
14231
14240
14240
14242
14242
14244
14248
14250
14251
14253
14263
14268
14271
14282
14290
14292
14293
14305
14314
14316
14317
14318
14319
14325
14328
14331
14333
14343
14347
14349
14355
14367
14372
14381
14382
14384
14387
14389
14391
14393
14394
14395
14395
14396
14399
14400
14406
14407
14413
14414
14423
14425
14428
14430
14437
14440
14442
14446
14447
14450
14457
14458
14458
14460
14461
14464
14465
14465
14465
14491
14491
14492
14494
14496
14506
14510
14519
14522
14523
14525
14533
14537
14540
14542
14544
14558
14559
14561
14562
14562
14563
14566
14568
14570
14583
14587
14590
14592
14594
14599
14601
14604
14607
14610
14611
14614
14617
14618
14622
14627
14630
14634
14635
14635
14636
14650
14650
14656
14662
14667
14668
14671
14676
14677
14690
14694
14699
14702
14704
14704
14706
14707
14714
14718
14721
14726
14729
14729
14731
14738
14739
14740
14745
14746
14746
14747
14749
14752
14753
14755
14758
14758
14764
14765
14767
14770
14774
14774
14775
14782
14787
14789
14794
14796
14796
14798
14798
14799
14799
14799
14801
14805
14807
14810
14814
14814
14819
14821
14825
14834
14838
14839
14843
14843
14849
14850
14852
14856
14858
14858
14859
14876
14885
14889
14891
14892
14895
14903
14911
14911
14913
14914
14917
14921
14922
14923
14925
14929
14932
14933
14934
14937
14942
14945
14950
14953
14960
14962
14977
14977
14978
14979
14981
14982
14985
14986
14990
14990
14991
14992
14992
14993
14994
14999
15009
15009
15019
15021
15028
15035
15036
15048
15049
15051
15051
15052
15052
15056
15059
15072
15078
15093
15099
15100
15104
15105
15110
15119
15122
15126
15127
15130
15131
15134
15137
15137
15139
15142
15142
15144
15151
15163
15166
15169
15172
15172
15178
15179
15181
15186
15194
15195
15196
15198
15203
15204
15211
15214
15215
15216
15218
15219
15224
15225
15228
15229
15233
15234
15237
15245
15245
15247
15249
15251
15260
15262
15268
15270
15273
15281
15283
15290
15291
15292
15293
15303
15304
15306
15310
15318
15325
15330
15339
15341
15350
15351
15352
15354
15354
15354
15369
15376
15378
15379
15380
15381
15384
15391
15395
15400
15401
15411
15420
15421
15422
15422
15425
15433
15434
15439
15442
15450
15450
15459
15460
15465
15473
15476
15477
15478
15484
15485
15494
15502
15508
15510
15511
15512
15515
15516
15524
15532
15534
15538
15542
15545
15546
15556
15560
15564
15566
15572
15578
15581
15581
15583
15583
15584
15585
15590
15591
15594
15599
15603
15613
15617
15619
15619
15619
15623
15628
15629
15630
15630
15632
15632
15638
15638
15641
15645
15645
15659
15660
15661
15661
15662
15663
15666
15667
15669
15677
15680
15683
15686
15687
15689
15690
15693
15704
15710
15717
15717
15717
15720
15723
15723
15726
15726
15732
15739
15743
15743
15748
15749
15751
15754
15754
15762
15763
15769
15771
15775
15780
15781
15782
15787
15789
15795
15798
15800
15803
15805
15810
15816
15821
15821
15822
15824
15824
15825
15825
15826
15832
15833
15833
15835
15843
15844
15847
15847
15849
15855
15879
15881
15882
15883
15884
15885
15887
15897
15901
15902
15907
15911
15912
15914
15920
15924
15928
15933
15937
15938
15939
15941
15949
15951
15951
15955
15959
15965
15966
15981
15982
15987
15990
15992
15996
15997
15997
15997
15998
15999
16005
16011
16019
16023
16023
16023
16024
16024
16025
16026
16026
16027
16030
16031
16034
16034
16037
16038
16039
16048
16048
16048
16049
16053
16055
16055
16056
16057
16058
16059
16063
16067
16069
16077
16080
16091
16093
16108
16109
16110
16110
16111
16116
16119
16119
16119
16120
16128
16129
16130
16132
16137
16138
16141
16142
16144
16145
16146
16148
16150
16152
16153
16156
16161
16167
16168
16169
16170
16172
16184
16187
16189
16192
16195
16199
16200
16200
16201
16201
16202
16203
16204
16209
16215
16227
16227
16239
16240
16243
16250
16253
16254
16256
16259
16263
16264
16265
16273
16274
16275
16275
16279
16282
16288
16291
16293
16294
16296
16307
16308
16311
16315
16321
16321
16324
16325
16328
16332
16333
16335
16339
16340
16347
16348
16350
16351
16354
16356
16358
16362
16370
16372
16376
16378
16381
16382
16383
16385
16394
16396
16401
16401
16407
16409
16412
16420
16421
16425
16429
16429
16433
16437
16442
16444
16451
16451
16452
16454
16456
16458
16458
16463
16463
16468
16468
16471
16473
16484
16485
16486
16487
16490
16492
16495
16496
16499
16503
16504
16506
16511
16515
16517
16520
16526
16526
16539
16545
16550
16550
16551
16557
16557
16559
16560
16563
16570
16570
16575
16583
16593
16593
16595
16597
16599
16607
16612
16613
16614
16615
16617
16620
16622
16623
16627
16627
16632
16632
16647
16651
16664
16665
16665
16669
16671
16673
16675
16678
16682
16684
16697
16698
16700
16701
16701
16704
16705
16709
16710
16713
16715
16720
16723
16725
16734
16741
16743
16745
16745
16753
16754
16756
16759
16776
16777
16778
16778
16778
16782
16785
16785
16788
16789
16793
16794
16808
16810
16814
16816
16829
16829
16834
16848
16851
16853
16855
16855
16860
16862
16870
16872
16872
16875
16882
16882
16884
16886
16894
16897
16900
16901
16902
16911
16917
16919
16920
16923
16924
16926
16933
16936
16938
16941
16941
16942
16944
16944
16946
16948
16948
16954
16961
16963
16963
16966
16966
16967
16969
16969
16975
16975
16979
16980
16989
16991
16992
16992
16995
16995
16999
17002
17005
17009
17012
17012
17015
17015
17016
17016
17018
17024
17025
17037
17038
17046
17048
17048
17049
17050
17051
17054
17061
17063
17066
17074
17077
17082
17083
17091
17100
17109
17112
17117
17122
17123
17125
17126
17126
17127
17130
17131
17136
17139
17145
17148
17148
17151
17157
17157
17158
17162
17163
17164
17166
17167
17180
17180
17182
17184
17184
17185
17187
17190
17196
17197
17199
17206
17206
17210
17215
17217
17218
17230
17234
17235
17237
17239
17239
17240
17249
17250
17251
17254
17258
17264
17269
17269
17270
17272
17276
17278
17280
17280
17281
17281
17283
17287
17290
17293
17295
17295
17308
17309
17311
17315
17316
17317
17318
17318
17320
17327
17329
17332
17336
17338
17341
17353
17354
17363
17370
17371
17374
17377
17385
17398
17401
17407
17411
17412
17419
17419
17426
17426
17433
17448
17453
17454
17455
17466
17466
17467
17468
17469
17469
17470
17474
17474
17475
17475
17482
17485
17485
17490
17494
17494
17494
17499
17503
17506
17507
17510
17517
17520
17527
17529
17533
17533
17535
17538
17545
17545
17551
17554
17557
17564
17567
17570
17572
17575
17586
17590
17590
17593
17601
17607
17610
17612
17616
17616
17618
17621
17625
17626
17626
17628
17629
17630
17631
17632
17653
17653
17655
17657
17658
17658
17663
17670
17671
17671
17676
17677
17679
17679
17680
17681
17683
17687
17688
17689
17691
17703
17705
17705
17710
17712
17714
17733
17735
17735
17736
17736
17736
17738
17746
17746
17747
17748
17751
17752
17753
17754
17756
17758
17759
17759
17767
17768
17769
17771
17771
17777
17779
17783
17786
17792
17794
17810
17810
17823
17824
17833
17837
17841
17841
17844
17845
17848
17854
17859
17865
17870
17871
17873
17876
17880
17881
17881
17895
17896
17900
17907
17916
17922
17923
17924
17925
17929
17942
17943
17943
17948
17958
17958
17960
17966
17971
17972
17974
17983
17984
17984
17987
17987
17990
17993
17997
17998
17998
18003
18006
18009
18012
18016
18023
18024
18030
18035
18035
18039
18042
18045
18045
18057
18077
18077
18080
18081
18083
18083
18086
18090
18091
18092
18094
18099
18099
18100
18102
18105
18106
18108
18114
18115
18115
18116
18122
18132
18136
18142
18142
18147
18148
18150
18153
18154
18163
18166
18177
18179
18181
18195
18200
18201
18204
18207
18209
18217
18222
18222
18222
18224
18226
18227
18231
18232
18234
18237
18239
18241
18242
18242
18245
18245
18247
18247
18258
18259
18263
18264
18272
18275
18276
18284
18286
18291
18292
18297
18306
18311
18315
18316
18319
18322
18325
18330
18330
18331
18332
18332
18342
18343
18343
18345
18346
18356
18362
18362
18363
18363
18368
18370
18371
18373
18375
18385
18386
18387
18388
18391
18393
18393
18394
18395
18396
18400
18405
18406
18417
18422
18424
18426
18427
18430
18433
18438
18439
18445
18446
18447
18451
18452
18453
18455
18457
18459
18466
18468
18484
18486
18486
18488
18488
18501
18507
18516
18519
18523
18525
18534
18535
18539
18549
18558
18563
18568
18574
18576
18581
18585
18589
18591
18605
18605
18607
18608
18608
18615
18616
18617
18618
18619
18621
18628
18629
18634
18637
18656
18658
18658
18663
18674
18685
18686
18688
18693
18694
18697
18698
18698
18700
18701
18706
18709
18711
18713
18714
18717
18721
18722
18723
18729
18749
18749
18750
18760
18760
18760
18763
18767
18777
18788
18791
18793
18800
18800
18801
18802
18804
18806
18807
18809
18815
18826
18827
18827
18828
18829
18831
18832
18835
18837
18841
18842
18848
18852
18855
18861
18862
18870
18871
18875
18881
18883
18895
18896
18905
18907
18911
18915
18916
18923
18923
18924
18927
18928
18929
18934
18934
18936
18940
18949
18951
18955
18962
18967
18971
18974
18974
18975
18985
18995
19003
19006
19011
19014
19015
19019
19026
19035
19038
19042
19055
19061
19067
19081
19081
19084
19084
19084
19090
19091
19092
19095
19096
19099
19100
19100
19103
19108
19112
19113
19113
19115
19121
19133
19136
19156
19160
19180
19184
19184
19189
19190
19192
19196
19200
19201
19203
19216
19218
19218
19220
19222
19223
19228
19230
19231
19231
19232
19248
19257
19258
19258
19262
19264
19267
19267
19267
19267
19276
19279
19280
19280
19282
19285
19285
19286
19286
19286
19287
19288
19290
19294
19298
19299
19305
19306
19313
19314
19316
19322
19324
19326
19328
19329
19332
19338
19339
19347
19354
19357
19360
19370
19371
19373
19381
19382
19383
19386
19388
19393
19396
19401
19403
19403
19404
19404
19408
19415
19417
19424
19430
19433
19441
19443
19445
19445
19450
19450
19450
19453
19471
19473
19474
19474
19481
19484
19493
19498
19502
19503
19507
19509
19512
19514
19523
19524
19528
19529
19535
19540
19542
19545
19546
19562
19567
19570
19577
19579
19602
19604
19605
19606
19612
19614
19616
19621
19623
19630
19637
19639
19639
19639
19642
19656
19656
19657
19659
19660
19672
19672
19688
19693
19694
19697
19699
19702
19706
19707
19711
19711
19720
19722
19727
19730
19734
19735
19745
19750
19756
19758
19760
19767
19779
19783
19784
19787
19791
19793
19793
19795
19795
19797
19810
19819
19821
19821
19822
19822
19823
19824
19833
19842
19849
19858
19859
19880
19882
19886
19887
19888
19892
19894
19895
19900
19910
19910
19913
19914
19915
19919
19922
19928
19929
19929
19929
19930
19931
19931
19933
19942
19945
19947
19947
19949
19953
19954
19954
19954
19961
19961
19962
19966
19966
19969
19971
19975
19978
19981
19982
19985
19995
19996
19998
20002
20002
20006
20006
20009
20014
20016
20019
20021
20021
20023
20026
20027
20027
20029
20030
20030
20033
20037
20042
20048
20048
20056
20059
20069
20069
20070
20073
20075
20076
20080
20101
20101
20105
20110
20112
20113
20115
20127
20130
20132
20139
20140
20140
20142
20143
20144
20147
20149
20153
20154
20155
20159
20160
20163
20166
20167
20173
20182
20187
20195
20199
20202
20208
20208
20209
20218
20220
20222
20223
20224
20226
20227
20230
20241
20243
20244
20246
20256
20259
20260
20264
20266
20267
20272
20276
20279
20280
20285
20296
20296
20298
20299
20301
20304
20309
20319
20319
20321
20321
20327
20328
20329
20331
20338
20339
20342
20345
20347
20352
20353
20355
20361
20368
20374
20375
20384
20388
20390
20393
20408
20419
20422
20422
20424
20425
20426
20427
20428
20432
20436
20442
20444
20447
20452
20453
20456
20461
20467
20471
20475
20476
20478
20492
20493
20494
20495
20500
20505
20513
20514
20515
20516
20516
20522
20526
20526
20530
20541
20549
20549
20550
20550
20561
20566
20567
20571
20571
20572
20573
20578
20579
20582
20582
20583
20590
20597
20597
20597
20598
20598
20598
20599
20602
20602
20604
20608
20609
20611
20619
20621
20623
20628
20631
20634
20634
20636
20636
20639
20640
20644
20645
20650
20656
20661
20670
20671
20677
20680
20681
20681
20682
20684
20687
20688
20691
20699
20699
20706
20711
20711
20717
20717
20718
20724
20725
20726
20728
20730
20731
20735
20736
20736
20746
20746
20747
20756
20757
20758
20765
20766
20768
20771
20771
20773
20781
20784
20787
20788
20788
20789
20791
20791
20792
20796
20797
20797
20806
20812
20815
20824
20828
20828
20832
20832
20850
20850
20852
20854
20855
20864
20868
20869
20871
20875
20882
20885
20888
20905
20914
20916
20922
20926
20926
20928
20930
20930
20932
20939
20941
20941
20942
20945
20945
20948
20950
20953
20956
20960
20961
20965
20967
20970
20976
20977
20977
20980
20989
20991
20992
20992
20995
20995
21003
21009
21015
21020
21028
21030
21031
21033
21033
21037
21037
21055
21056
21056
21057
21058
21059
21059
21059
21064
21066
21066
21067
21075
21078
21080
21081
21087
21090
21094
21116
21125
21128
21129
21129
21131
21139
21141
21142
21143
21145
21146
21152
21152
21159
21160
21161
21162
21172
21173
21175
21178
21181
21192
21192
21192
21193
21194
21196
21204
21211
21211
21216
21217
21220
21224
21227
21227
21230
21235
21245
21246
21249
21255
21263
21265
21265
21266
21267
21268
21269
21272
21273
21277
21282
21288
21290
21295
21298
21302
21305
21309
21310
21311
21312
21313
21313
21316
21317
21318
21319
21325
21325
21327
21328
21333
21348
21351
21353
21354
21366
21377
21384
21387
21387
21387
21394
21397
21400
21402
21405
21407
21410
21412
21415
21423
21424
21428
21430
21437
21440
21447
21451
21451
21452
21453
21455
21457
21458
21459
21474
21477
21478
21480
21483
21494
21498
21500
21504
21507
21508
21515
21525
21537
21538
21539
21541
21542
21542
21546
21546
21546
21548
21556
21564
21565
21567
21570
21575
21576
21577
21577
21579
21582
21583
21585
21586
21593
21602
21603
21612
21615
21618
21618
21619
21620
21627
21634
21635
21637
21637
21643
21645
21656
21657
21658
21658
21658
21661
21662
21663
21663
21664
21670
21671
21671
21676
21689
21693
21693
21695
21702
21707
21709
21713
21716
21723
21729
21731
21731
21733
21734
21734
21744
21747
21748
21749
21750
21751
21761
21761
21763
21767
21769
21770
21771
21771
21774
21784
21788
21797
21801
21806
21809
21810
21816
21817
21819
21822
21827
21831
21835
21836
21838
21846
21847
21858
21859
21861
21862
21866
21866
21867
21868
21879
21883
21886
21889
21891
21895
21898
21899
21909
21916
21916
21917
21919
21923
21929
21941
21942
21942
21942
21954
21955
21957
21959
21962
21965
21968
21977
21977
21982
21984
21988
21988
21996
21996
21999
22002
22009
22014
22022
22023
22025
22025
22028
22028
22032
22032
22032
22034
22036
22036
22042
22048
22050
22051
22051
22051
22056
22057
22060
22061
22061
22068
22069
22072
22075
22076
22078
22079
22084
22087
22090
22096
22101
22104
22108
22112
22113
22122
22127
22132
22132
22136
22137
22139
22141
22141
22145
22148
22149
22151
22156
22160
22160
22165
22168
22175
22176
22184
22187
22190
22190
22193
22209
22210
22223
22223
22226
22230
22236
22244
22249
22250
22251
22253
22254
22256
22267
22269
22277
22281
22284
22286
22286
22296
22297
22301
22303
22307
22307
22311
22313
22313
22315
22317
22321
22323
22333
22338
22339
22341
22342
22347
22350
22357
22359
22359
22362
22369
22379
22382
22401
22402
22402
22405
22406
22415
22416
22420
22421
22422
22430
22430
22433
22433
22434
22434
22442
22443
22445
22445
22447
22452
22454
22455
22456
22457
22468
22473
22474
22480
22483
22485
22486
22490
22503
22507
22509
22521
22530
22534
22543
22545
22547
22559
22570
22576
22578
22582
22583
22586
22589
22596
22600
22604
22610
22613
22615
22615
22621
22623
22626
22633
22638
22644
22644
22650
22656
22658
22660
22661
22661
22661
22665
22669
22670
22672
22672
22675
22676
22677
22687
22687
22693
22693
22694
22695
22696
22703
22708
22721
22721
22728
22730
22733
22738
22741
22743
22744
22755
22757
22759
22762
22763
22765
22771
22771
22778
22778
22778
22785
22785
22789
22790
22794
22801
22803
22805
22807
22810
22814
22820
22820
22821
22823
22825
22826
22835
22840
22841
22843
22844
22846
22847
22851
22852
22861
22864
22864
22865
22868
22877
22880
22880
22881
22887
22892
22895
22895
22900
22906
22909
22910
22910
22911
22911
22913
22921
22931
22933
22933
22936
22936
22937
22938
22941
22943
22948
22949
22956
22957
22961
22966
22971
22972
22977
22985
22990
22993
22993
22997
22998
23001
23002
23006
23008
23011
23014
23015
23019
23020
23026
23027
23032
23032
23033
23036
23038
23043
23047
23048
23050
23050
23051
23053
23056
23056
23057
23061
23064
23068
23070
23071
23085
23093
23110
23111
23111
23114
23115
23116
23117
23117
23118
23128
23132
23134
23135
23138
23148
23156
23160
23160
23163
23168
23169
23172
23173
23176
23178
23180
23180
23181
23187
23187
23197
23199
23201
23203
23205
23206
23208
23220
23224
23224
23227
23228
23235
23242
23249
23249
23250
23254
23255
23261
23262
23269
23270
23271
23272
23276
23277
23277
23277
23277
23277
23283
23284
23284
23285
23286
23290
23290
23293
23293
23294
23300
23300
23307
23308
23308
23309
23312
23313
23316
23318
23344
23349
23349
23350
23352
23363
23364
23367
23367
23368
23369
23373
23376
23383
23388
23390
23393
23397
23399
23402
23403
23406
23421
23423
23424
23425
23427
23433
23433
23434
23435
23436
23443
23450
23451
23454
23454
23455
23464
23464
23468
23468
23482
23487
23487
23488
23489
23495
23496
23502
23503
23503
23504
23514
23524
23524
23527
23532
23533
23537
23537
23543
23543
23547
23552
23554
23562
23566
23569
23571
23581
23584
23588
23593
23604
23609
23609
23610
23612
23617
23619
23632
23636
23642
23643
23646
23647
23648
23649
23651
23652
23654
23658
23659
23659
23662
23662
23673
23681
23681
23682
23683
23684
23694
23694
23699
23705
23705
23707
23707
23715
23716
23717
23722
23724
23726
23728
23734
23757
23758
23762
23767
23773
23780
23781
23785
23787
23789
23791
23792
23795
23796
23813
23816
23818
23822
23825
23825
23829
23831
23832
23834
23840
23846
23846
23849
23851
23854
23856
23857
23861
23863
23865
23869
23871
23878
23882
23891
23893
23902
23903
23904
23912
23928
23929
23936
23938
23940
23944
23945
23946
23947
23948
23949
23954
23954
23956
23956
23959
23968
23968
23982
23991
23994
24008
24008
24010
24012
24016
24022
24028
24029
24043
24046
24062
24071
24074
24076
24084
24088
24093
24099
24102
24103
24105
24109
24109
24109
24113
24120
24123
24127
24129
24142
24151
24151
24152
24157
24160
24162
24165
24167
24168
24169
24172
24173
24184
24184
24188
24190
24193
24196
24197
24198
24200
24200
24203
24205
24215
24222
24232
24232
24245
24245
24252
24254
24256
24260
24262
24264
24264
24277
24281
24290
24297
24304
24307
24309
24311
24312
24321
24324
24332
24340
24341
24344
24345
24347
24353
24354
24356
24372
24380
24384
24385
24386
24387
24387
24389
24389
24390
24393
24397
24404
24410
24411
24411
24412
24414
24416
24417
24417
24428
24433
24445
24446
24452
24456
24459
24465
24465
24472
24473
24478
24481
24482
24485
24486
24488
24488
24490
24496
24499
24503
24503
24504
24504
24505
24507
24511
24518
24521
24523
24524
24528
24530
24534
24534
24537
24538
24539
24541
24543
24544
24545
24547
24547
24548
24548
24548
24549
24553
24554
24556
24557
24563
24565
24568
24574
24575
24579
24579
24587
24587
24589
24596
24599
24600
24600
24600
24600
24606
24609
24610
24611
24611
24613
24617
24617
24623
24629
24636
24642
24646
24646
24648
24648
24652
24675
24679
24679
24681
24688
24689
24696
24697
24703
24707
24707
24708
24712
24717
24718
24721
24722
24724
24725
24727
24736
24739
24739
24744
24747
24748
24749
24752
24753
24753
24757
24758
24760
24767
24767
24775
24778
24780
24783
24788
24789
24792
24792
24794
24796
24797
24802
24802
24805
24811
24813
24815
24819
24821
24824
24826
24833
24850
24853
24854
24854
24862
24866
24870
24878
24880
24881
24884
24887
24888
24888
24889
24894
24900
24913
24919
24924
24925
24926
24928
24935
24937
24949
24953
24954
24959
24959
24963
24963
24965
24974
24977
24988
24988
24993
24995
24998
24999
24999
25001
25002
25003
25003
25005
25007
25009
25014
25015
25017
25026
25028
25028
25031
25041
25048
25048
25053
25053
25062
25062
25070
25073
25074
25076
25078
25080
25082
25084
25091
25093
25097
25103
25106
25109
25110
25116
25118
25124
25124
25126
25126
25132
25133
25139
25141
25147
25147
25148
25167
25169
25172
25175
25177
25186
25186
25195
25204
25206
25206
25209
25211
25213
25213
25217
25226
25237
25241
25241
25247
25250
25252
25253
25256
25257
25258
25259
25259
25263
25269
25269
25271
25277
25286
25304
25304
25306
25313
25314
25318
25320
25320
25323
25326
25326
25327
25328
25331
25334
25336
25337
25343
25344
25348
25349
25361
25364
25364
25365
25365
25367
25369
25372
25376
25385
25389
25389
25390
25391
25393
25399
25405
25407
25408
25412
25417
25419
25419
25427
25428
25430
25434
25435
25438
25440
25447
25450
25452
25453
25454
25454
25457
25457
25458
25463
25464
25469
25472
25477
25477
25480
25486
25491
25494
25499
25500
25500
25503
25505
25508
25512
25515
25524
25524
25529
25536
25539
25542
25543
25543
25546
25548
25549
25560
25564
25564
25564
25564
25582
25586
25586
25588
25588
25594
25595
25595
25598
25601
25603
25607
25607
25609
25611
25612
25612
25616
25623
25625
25625
25626
25628
25631
25631
25632
25632
25636
25642
25645
25646
25648
25650
25650
25656
25657
25658
25660
25661
25663
25665
25665
25667
25672
25677
25677
25680
25682
25689
25694
25696
25696
25701
25702
25704
25710
25712
25713
25714
25714
25716
25729
25735
25741
25747
25748
25751
25753
25753
25754
25755
25762
25766
25770
25774
25775
25781
25788
25788
25791
25794
25798
25798
25800
25805
25813
25814
25815
25816
25818
25820
25820
25820
25823
25828
25830
25830
25832
25835
25835
25838
25839
25852
25858
25861
25862
25863
25865
25865
25872
25877
25878
25879
25881
25882
25883
25886
25886
25889
25889
25891
25893
25894
25899
25901
25905
25912
25913
25917
25918
25920
25929
25930
25930
25936
25937
25944
25944
25951
25954
25958
25958
25961
25964
25964
25964
25965
25965
25970
25976
25976
25979
25980
25984
25992
25993
25994
25999
26012
26014
26017
26018
26021
26023
26024
26033
26034
26034
26036
26036
26039
26054
26061
26062
26072
26078
26085
26085
26087
26089
26089
26090
26091
26094
26098
26099
26100
26102
26104
26105
26110
26111
26111
26112
26116
26117
26132
26141
26142
26146
26157
26160
26164
26165
26169
26171
26181
26184
26185
26195
26196
26198
26199
26200
26210
26211
26213
26216
26218
26226
26229
26231
26231
26232
26233
26234
26241
26241
26253
26254
26257
26269
26269
26274
26275
26276
26278
26283
26286
26289
26290
26291
26293
26295
26298
26305
26307
26312
26317
26322
26324
26327
26332
26334
26338
26340
26351
26357
26360
26360
26365
26366
26367
26371
26375
26375
26376
26379
26382
26388
26391
26393
26403
26413
26414
26414
26419
26420
26422
26424
26424
26433
26433
26436
26437
26438
26440
26453
26458
26458
26462
26463
26463
26463
26463
26463
26464
26468
26469
26472
26473
26473
26475
26476
26477
26478
26479
26480
26491
26493
26496
26499
26499
26504
26505
26505
26505
26507
26508
26510
26511
26512
26512
26522
26529
26533
26552
26560
26560
26564
26574
26574
26578
26579
26581
26581
26582
26582
26582
26584
26588
26589
26591
26596
26601
26604
26606
26607
26608
26608
26609
26614
26616
26617
26621
26626
26626
26644
26644
26651
26652
26655
26656
26658
26659
26660
26662
26663
26670
26671
26672
26675
26677
26678
26690
26691
26696
26700
26701
26705
26712
26714
26715
26719
26722
26732
26737
26738
26758
26766
26783
26783
26793
26794
26795
26802
26802
26802
26803
26810
26812
26815
26832
26836
26836
26843
26854
26860
26870
26875
26887
26891
26891
26893
26908
26915
26916
26917
26919
26927
26929
26931
26937
26938
26939
26943
26944
26947
26948
26949
26953
26961
26962
26966
26969
26975
26976
26979
26983
26992
27002
27003
27008
27013
27016
27017
27023
27038
27041
27042
27048
27049
27049
27050
27051
27066
27068
27070
27071
27075
27078
27079
27079
27087
27092
27096
27097
27100
27102
27105
27106
27106
27108
27109
27112
27117
27120
27125
27131
27134
27137
27138
27140
27142
27146
27150
27154
27155
27158
27158
27158
27158
27159
27161
27163
27166
27166
27170
27173
27179
27185
27191
27196
27196
27197
27207
27210
27222
27228
27238
27245
27250
27250
27252
27255
27259
27267
27268
27269
27270
27271
27276
27278
27278
27279
27279
27280
27282
27282
27283
27286
27286
27292
27304
27315
27318
27320
27320
27325
27331
27331
27338
27340
27341
27341
27342
27347
27351
27352
27353
27353
27353
27355
27358
27360
27363
27365
27371
27371
27371
27376
27377
27380
27381
27382
27392
27393
27403
27404
27405
27408
27412
27412
27414
27417
27419
27419
27426
27428
27430
27430
27431
27434
27436
27439
27440
27441
27447
27454
27455
27459
27461
27462
27476
27478
27479
27481
27484
27485
27488
27489
27490
27490
27496
27499
27500
27505
27506
27507
27508
27521
27521
27521
27526
27530
27532
27534
27545
27546
27548
27550
27551
27553
27557
27562
27566
27570
27570
27573
27574
27577
27587
27591
27601
27604
27608
27613
27615
27620
27622
27623
27623
27633
27640
27642
27649
27652
27653
27656
27663
27664
27669
27670
27670
27672
27674
27675
27680
27687
27692
27696
27705
27707
27708
27708
27710
27716
27716
27720
27723
27730
27731
27732
27741
27746
27746
27750
27754
27755
27763
27766
27773
27774
27779
27781
27783
27794
27804
27808
27809
27809
27811
27812
27832
27832
27836
27840
27840
27845
27848
27854
27855
27857
27864
27877
27877
27883
27886
27889
27889
27897
27899
27902
27905
27906
27906
27908
27909
27915
27918
27923
27927
27938
27944
27948
27959
27960
27961
27967
27972
27978
27997
28000
28001
28004
28006
28008
28009
28011
28012
28012
28016
28022
28027
28028
28030
28038
28041
28043
28047
28049
28051
28051
28052
28053
28055
28056
28067
28071
28072
28076
28078
28080
28082
28085
28088
28099
28101
28113
28113
28120
28120
28122
28124
28124
28128
28130
28132
28133
28142
28146
28152
28155
28157
28159
28159
28161
28167
28184
28185
28185
28187
28193
28193
28206
28218
28220
28223
28224
28227
28237
28240
28240
28253
28258
28258
28267
28268
28270
28271
28271
28275
28277
28281
28281
28283
28284
28287
28287
28290
28291
28295
28298
28300
28307
28309
28320
28320
28321
28322
28324
28329
28330
28331
28334
28336
28338
28340
28340
28341
28342
28344
28347
28349
28351
28351
28354
28357
28358
28359
28361
28362
28364
28366
28368
28370
28375
28384
28388
28391
28393
28400
28409
28412
28417
28419
28423
28425
28431
28441
28442
28442
28443
28444
28446
28451
28451
28454
28459
28460
28466
28468
28471
28472
28473
28477
28481
28485
28487
28488
28490
28493
28496
28507
28512
28512
28513
28514
28519
28522
28525
28527
28528
28530
28530
28534
28535
28535
28536
28549
28551
28553
28554
28554
28560
28564
28567
28577
28581
28586
28587
28588
28597
28606
28609
28610
28611
28616
28617
28621
28623
28628
28633
28635
28636
28637
28638
28646
28647
28647
28650
28655
28660
28669
28673
28682
28683
28683
28684
28684
28684
28687
28693
28695
28701
28703
28703
28705
28708
28716
28718
28720
28720
28732
28734
28735
28737
28740
28748
28748
28749
28751
28755
28759
28760
28760
28766
28768
28769
28769
28769
28769
28775
28777
28798
28798
28811
28814
28820
28821
28823
28826
28826
28830
28830
28835
28840
28841
28843
28845
28845
28846
28851
28851
28853
28859
28860
28861
28862
28869
28874
28875
28877
28877
28878
28878
28883
28885
28887
28892
28894
28896
28900
28901
28904
28906
28910
28914
28915
28917
28926
28928
28931
28934
28938
28940
28940
28942
28946
28947
28952
28954
28954
28957
28960
28962
28964
28973
28978
28978
28979
28981
28984
28989
28990
28992
28996
28999
29001
29009
29013
29013
29016
29026
29037
29039
29046
29050
29058
29064
29069
29070
29070
29073
29076
29077
29082
29085
29086
29088
29092
29094
29095
29100
29106
29113
29114
29115
29119
29122
29127
29127
29129
29132
29138
29140
29142
29148
29149
29158
29158
29161
29161
29162
29162
29169
29171
29177
29178
29179
29179
29183
29192
29193
29195
29204
29210
29212
29212
29216
29228
29231
29236
29240
29243
29252
29259
29259
29262
29265
29266
29269
29270
29272
29273
29274
29274
29278
29281
29281
29282
29286
29287
29287
29291
29298
29299
29300
29310
29311
29314
29317
29318
29319
29321
29325
29326
29331
29333
29336
29340
29344
29344
29347
29350
29357
29360
29360
29361
29362
29370
29370
29372
29373
29380
29380
29383
29386
29386
29391
29391
29393
29393
29398
29403
29408
29409
29411
29414
29415
29415
29418
29420
29423
29435
29436
29439
29439
29444
29445
29445
29451
29453
29454
29454
29456
29458
29460
29462
29469
29473
29473
29480
29482
29483
29486
29490
29490
29491
29491
29492
29492
29495
29501
29504
29510
29513
29515
29521
29522
29523
29525
29529
29533
29534
29536
29538
29540
29541
29541
29542
29542
29549
29552
29553
29554
29555
29557
29559
29559
29560
29563
29564
29566
29569
29571
29574
29582
29585
29588
29589
29596
29598
29599
29601
29602
29603
29609
29614
29619
29620
29620
29628
29629
29635
29639
29649
29652
29652
29656
29661
29662
29670
29670
29674
29675
29683
29693
29694
29695
29696
29697
29698
29703
29703
29703
29710
29716
29716
29720
29723
29731
29731
29731
29740
29742
29746
29747
29748
29750
29752
29755
29761
29762
29762
29763
29764
29771
29771
29771
29780
29782
29786
29788
29794
29798
29801
29802
29807
29811
29815
29822
29828
29829
29829
29832
29834
29835
29841
29842
29845
29852
29865
29869
29869
29873
29873
29878
29879
29880
29882
29883
29883
29884
29885
29890
29894
29897
29897
29901
29901
29901
29902
29906
29909
29909
29910
29918
29922
29935
29936
29939
29941
29946
29947
29950
29968
29969
29971
29972
29979
29986
29986
29986
29987
29991
29993
29998
29998
29998
30002
30008
30010
30011
30016
30018
30020
30022
30022
30029
30032
30034
30036
30036
30039
30039
30040
30043
30045
30045
30046
30055
30056
30059
30059
30060
30060
30060
30061
30061
30062
30062
30063
30070
30073
30075
30075
30077
30088
30088
30089
30091
30091
30092
30092
30105
30107
30111
30112
30115
30116
30118
30129
30133
30139
30139
30140
30140
30143
30144
30144
30145
30145
30146
30149
30152
30152
30153
30154
30154
30158
30162
30171
30174
30175
30178
30181
30186
30188
30189
30190
30193
30196
30196
30204
30207
30214
30215
30216
30227
30233
30233
30239
30239
30240
30242
30242
30247
30248
30253
30256
30258
30261
30265
30267
30269
30273
30274
30279
30281
30287
30289
30291
30296
30301
30302
30303
30313
30315
30334
30339
30347
30349
30350
30358
30365
30367
30372
30377
30377
30379
30381
30384
30385
30395
30401
30403
30403
30410
30411
30416
30417
30421
30426
30428
30428
30429
30435
30440
30440
30442
30442
30450
30452
30454
30460
30462
30463
30465
30465
30470
30471
30484
30486
30492
30498
30499
30503
30509
30511
30512
30515
30518
30519
30521
30522
30524
30526
30526
30526
30547
30548
30549
30557
30558
30558
30559
30569
30570
30572
30576
30576
30580
30581
30583
30583
30587
30592
30594
30604
30608
30608
30621
30623
30626
30634
30634
30636
30637
30647
30647
30648
30649
30654
30656
30657
30663
30664
30674
30674
30678
30679
30683
30685
30685
30687
30687
30691
30693
30695
30699
30707
30711
30711
30713
30717
30720
30724
30724
30727
30731
30733
30739
30739
30741
30743
30744
30745
30745
30748
30757
30758
30760
30764
30772
30772
30776
30780
30794
30795
30799
30800
30801
30802
30802
30805
30806
30808
30809
30813
30816
30818
30826
30827
30845
30847
30851
30857
30859
30863
30865
30868
30869
30870
30871
30877
30878
30881
30881
30882
30885
30886
30887
30890
30896
30897
30902
30903
30904
30905
30905
30910
30911
30915
30919
30919
30920
30922
30927
30938
30942
30948
30955
30957
30959
30963
30971
30971
30974
30974
30980
30987
30987
30988
30992
30994
30994
31004
31010
31013
31013
31015
31019
31019
31024
31025
31027
31028
31028
31030
31032
31041
31042
31046
31046
31051
31051
31060
31062
31065
31076
31084
31086
31090
31091
31092
31093
31095
31096
31098
31102
31104
31105
31114
31122
31124
31126
31127
31129
31137
31148
31155
31156
31159
31160
31163
31167
31167
31169
31171
31176
31177
31178
31180
31182
31182
31182
31187
31188
31193
31195
31197
31199
31199
31200
31210
31221
31229
31229
31230
31235
31238
31243
31248
31250
31256
31260
31267
31268
31274
31278
31282
31283
31285
31286
31287
31292
31296
31296
31301
31302
31302
31304
31322
31327
31328
31334
31335
31337
31337
31337
31347
31347
31347
31359
31366
31366
31370
31373
31375
31377
31377
31378
31379
31402
31406
31408
31410
31412
31412
31415
31424
31426
31426
31428
31429
31437
31441
31446
31448
31450
31453
31455
31457
31458
31461
31472
31474
31475
31475
31475
31484
31492
31494
31494
31497
31498
31498
31499
31499
31500
31501
31502
31509
31514
31515
31520
31521
31524
31526
31527
31536
31546
31547
31550
31552
31554
31556
31556
31559
31559
31563
31566
31569
31570
31572
31578
31578
31585
31591
31592
31592
31598
31604
31605
31606
31607
31617
31620
31620
31621
31625
31630
31633
31639
31639
31639
31643
31648
31648
31651
31652
31653
31657
31658
31660
31663
31670
31673
31674
31674
31675
31682
31682
31683
31684
31690
31690
31694
31697
31703
31704
31706
31715
31717
31719
31720
31721
31726
31729
31729
31732
31732
31739
31744
31746
31749
31752
31757
31773
31774
31785
31789
31795
31796
31797
31806
31813
31817
31819
31824
31829
31835
31837
31841
31846
31848
31850
31855
31857
31864
31865
31868
31874
31877
31882
31883
31886
31887
31888
31892
31894
31895
31901
31907
31908
31923
31928
31928
31933
31936
31938
31938
31939
31941
31942
31943
31944
31951
31955
31958
31960
31969
31972
31974
31976
31977
31978
31988
31990
31992
31993
31997
32000
32006
32013
32015
32017
32017
32021
32022
32023
32026
32027
32028
32029
32031
32040
32042
32043
32043
32044
32047
32048
32048
32049
32050
32054
32055
32059
32066
32074
32076
32081
32081
32084
32085
32106
32108
32110
32118
32120
32130
32130
32131
32137
32138
32139
32144
32146
32149
32154
32154
32160
32161
32162
32164
32165
32167
32173
32180
32189
32190
32192
32197
32199
32204
32207
32213
32213
32214
32220
32238
32239
32243
32245
32246
32252
32253
32257
32259
32264
32264
32264
32270
32273
32273
32274
32275
32277
32291
32299
32300
32304
32308
32311
32313
32314
32319
32323
32324
32324
32326
32328
32330
32338
32341
32342
32347
32355
32359
32361
32361
32366
32370
32372
32373
32376
32377
32387
32392
32397
32397
32399
32404
32410
32413
32413
32414
32416
32429
32439
32439
32440
32442
32443
32443
32449
32449
32450
32451
32451
32453
32454
32460
32461
32463
32463
32473
32481
32489
32489
32489
32492
32494
32497
32500
32504
32506
32507
32510
32513
32513
32514
32516
32516
32517
32526
32526
32527
32532
32538
32539
32542
32544
32545
32547
32547
32551
32551
32551
32553
32559
32571
32575
32575
32581
32584
32587
32588
32591
32598
32603
32603
32604
32604
32609
32612
32612
32615
32621
32622
32624
32625
32626
32639
32641
32648
32650
32652
32653
32658
32658
32666
32670
32672
32674
32679
32680
32688
32688
32693
32693
32697
32700
32703
32712
32716
32717
32720
32721
32735
32736
32738
32742
32749
32751
32753
32761
32763
