1000
20
51
302
316
348
401
424
428
493
519
528
555
665
692
720
735
777
797
806
831
849
885
923
1023
1029
1046
1132
1137
1155
1231
1305
1364
1369
1432
1463
1479
1489
1516
1581
1593
1601
1616
1650
1680
1709
1734
1785
1791
1799
1802
1804
1919
1932
1937
1958
2045
2049
2052
2069
2086
2343
2351
2383
2441
2458
2459
2472
2548
2665
2667
2693
2714
2729
2754
2775
2851
2882
2986
3000
3002
3025
3063
3071
3095
3107
3117
3166
3176
3230
3299
3308
3394
3427
3429
3472
3493
3497
3505
3516
3542
3568
3576
3617
3619
3648
3648
3709
3725
3733
3763
3780
3804
3807
3809
3843
3873
3885
3915
3919
3998
4053
4073
4082
4126
4150
4167
4207
4227
4275
4305
4307
4355
4365
4388
4399
4399
4535
4557
4574
4588
4594
4600
4616
4651
4671
4724
4725
4752
4786
4795
4821
4844
4894
4904
4907
4960
4972
5007
5070
5085
5274
5297
5301
5306
5330
5338
5357
5410
5457
5464
5470
5488
5572
5575
5619
5642
5657
5666
5737
5843
5938
5951
6037
6102
6173
6230
6239
6268
6272
6385
6400
6462
6474
6475
6497
6498
6560
6562
6600
6601
6622
6639
6749
6799
6868
6882
6965
6970
6989
7014
7040
7050
7112
7180
7181
7186
7187
7221
7308
7313
7339
7349
7421
7436
7491
7521
7525
7548
7588
7602
7648
7658
7685
7722
7734
7740
7743
7793
7877
7899
7961
8044
8108
8115
8128
8175
8177
8184
8185
8232
8325
8359
8371
8416
8432
8457
8458
8469
8516
8533
8550
8563
8575
8591
8605
8640
8659
8686
8690
8693
8713
8717
8727
8743
8752
8775
8808
8843
8847
9022
9088
9190
9213
9216
9244
9280
9286
9291
9297
9298
9300
9310
9350
9419
9477
9495
9498
9506
9526
9553
9590
9602
9620
9719
9722
9768
9846
9857
9967
10017
10040
10068
10095
10126
10163
10182
10184
10259
10260
10262
10281
10309
10317
10332
10362
10364
10371
10443
10461
10489
10532
10552
10635
10655
10656
10705
10725
10747
10761
10779
10823
10829
10841
10844
10845
10856
10912
10919
10937
10959
11001
11007
11073
11121
11147
11157
11174
11197
11217
11276
11310
11345
11388
11429
11436
11519
11574
11589
11612
11724
11855
11868
11906
11956
11970
11985
12092
12121
12128
12132
12153
12175
12187
12198
12219
12232
12310
12340
12435
12459
12465
12476
12510
12511
12521
12544
12548
12574
12595
12624
12640
12705
12725
12760
12775
12822
12837
12863
12876
12906
12938
12962
12968
13054
13106
13106
13123
13143
13262
13368
13378
13398
13430
13475
13493
13519
13526
13589
13591
13652
13676
13706
13711
13748
13827
13880
13891
13896
13930
13933
13974
13978
14072
14115
14125
14141
14147
14189
14201
14218
14253
14262
14308
14321
14326
14372
14397
14411
14428
14478
14487
14629
14670
14677
14731
14741
14872
14899
14981
14982
14984
15080
15139
15156
15247
15276
15283
15301
15324
15349
15359
15377
15385
15444
15504
15513
15619
15627
15634
15657
15801
15838
15885
15893
15914
15928
15940
15965
15978
15987
15990
16002
16067
16093
16093
16138
16154
16160
16175
16220
16233
16375
16388
16399
16433
16459
16531
16532
16546
16567
16588
16610
16612
16630
16640
16640
16676
16688
16699
16701
16711
16712
16769
16773
16813
16814
16871
16903
16908
16915
16989
17015
17039
17050
17120
17124
17138
17170
17181
17231
17247
17345
17364
17365
17393
17419
17422
17457
17474
17546
17560
17730
17750
17785
17791
17831
17932
17934
17941
18003
18097
18166
18173
18185
18197
18199
18299
18313
18327
18369
18428
18430
18460
18464
18487
18489
18590
18633
18643
18689
18745
18841
18845
18845
18846
18851
18879
18919
18927
18934
19021
19106
19150
19154
19156
19169
19192
19212
19236
19273
19343
19371
19447
19450
19454
19516
19521
19616
19647
19711
19792
19861
19899
19942
20010
20034
20080
20135
20153
20156
20176
20182
20228
20275
20359
20381
20399
20435
20454
20476
20573
20604
20694
20751
20785
20796
20911
20917
20950
21048
21101
21143
21146
21154
21188
21281
21290
21391
21400
21430
21450
21450
21465
21666
21696
21697
21752
21764
21836
21857
21884
21909
21933
21960
21962
21970
22088
22130
22141
22151
22223
22245
22320
22347
22366
22391
22492
22539
22558
22565
22565
22589
22595
22629
22682
22684
22693
22718
22723
22783
22811
22814
22820
22860
22889
22920
22923
22923
22978
22978
22980
22999
23007
23023
23030
23039
23059
23084
23086
23093
23098
23113
23120
23246
23249
23509
23543
23580
23605
23669
23726
23756
23776
23790
23832
23916
23965
23978
24038
24124
24127
24169
24176
24199
24210
24259
24297
24318
24383
24405
24406
24420
24454
24479
24481
24482
24521
24527
24588
24621
24682
24688
24741
24759
24784
24806
24836
24846
24856
24862
24882
24892
24940
24969
24989
25028
25049
25056
25110
25148
25151
25184
25218
25248
25259
25271
25293
25308
25310
25328
25343
25380
25489
25605
25635
25661
25668
25774
25817
25858
25864
25901
25925
25935
25940
25967
26023
26028
26056
26117
26125
26169
26175
26198
26213
26248
26300
26408
26454
26485
26490
26504
26527
26531
26615
26828
26874
26913
26920
26956
26966
27005
27015
27034
27049
27057
27065
27104
27120
27153
27188
27224
27254
27349
27388
27423
27540
27562
27605
27614
27668
27725
27786
27795
27830
27878
27894
27899
27922
27939
27996
28015
28047
28120
28125
28138
28141
28154
28166
28201
28343
28353
28381
28402
28437
28451
28497
28528
28585
28593
28602
28628
28661
28685
28742
28786
28812
28814
29003
29055
29096
29128
29193
29196
29211
29221
29228
29233
29292
29298
29332
29340
29400
29408
29410
29426
29499
29538
29566
29583
29600
29702
29728
29781
29873
29932
29935
29952
30019
30093
30139
30228
30257
30305
30331
30331
30332
30340
30366
30369
30407
30499
30516
30532
30586
30589
30622
30682
30719
30749
30766
30792
30795
30817
30866
30898
30911
30944
30951
31046
31055
31109
31121
31136
31146
31169
31176
31199
31284
31287
31291
31295
31304
31369
31420
31425
31481
31500
31607
31674
31698
31746
31850
31902
31902
31937
31961
31965
31978
32006
32047
32105
32140
32140
32143
32164
32167
32169
32289
32338
32401
32416
32432
32445
32538
32644
32697
32723
32730
32748
