100
377
23956
26530
31563
17410
21303
19518
1320
26266
29990
27273
14904
17108
27769
26064
5349
31875
21636
6051
17875
2512
29345
30853
18880
393
6960
231
5807
9148
26587
5720
9285
20613
8991
22774
21363
24868
3335
25896
31061
5970
23867
23951
4442
5846
9786
20793
23206
7507
32228
21016
25780
27748
3899
20403
20288
6634
31082
2588
16740
15013
8199
12578
23553
6914
20629
967
11104
31284
24909
1013
23577
31622
11550
4716
14132
16880
4338
1791
10639
27112
20019
6400
23167
21882
30349
11257
5562
32411
17654
21660
3189
17339
2028
10749
12745
25241
254
14079
13915
