1000
727680138
596617333
264441237
137904147
102058520
136902771
822782780
850038800
117410821
19033661
691107165
865792452
386493413
313914
375159114
329199996
164159082
776592701
136279766
313233935
429337590
369167412
144822740
642315437
713752173
907569576
54401285
174772554
862861173
965680779
990509585
590541311
414814465
107467174
580961810
516872985
244369945
256260942
219428138
361780766
127810955
910535303
80089571
514304368
910849218
455248685
843504364
927524652
84357738
832300482
93274939
513695328
201467894
238097680
8527118
915220068
145667256
62928403
942508974
8528429
28609183
785534911
451586092
295940000
893002085
32547902
665329337
137372030
141325196
884757475
499152797
269136152
647809131
579242368
783440520
411174701
887007405
626944885
338699353
971365143
311761719
431974292
337576823
513229614
670071972
346103941
280966034
668255580
409032345
75991360
529300361
290157880
861526272
980886453
438614232
754528357
865950707
103943569
744416740
7275904
988701045
96085889
128928408
489026528
675328257
912368928
900201229
414852014
391830165
91416934
238733509
703591885
523391226
576310332
69337851
45979551
774930626
350303885
714235131
36479323
426295245
96051845
326637203
140337869
76938298
765251435
894866227
795405358
721711356
491799319
655197614
562928753
587885208
784126022
51955281
115729817
549011302
952156510
530581831
940841468
43573444
769315340
644433353
419481023
198142024
713771204
317976926
973072650
916591441
32212057
9551973
195403038
128263902
188705528
335740908
57718553
953956963
83123487
705640263
528184672
574922806
213354229
91113425
162808014
849996603
143068707
278537831
399007905
947741569
809119662
192365725
843831366
430951354
836799078
115828741
629093378
403086634
433805667
602166029
172194427
318534076
464234354
367597466
299314331
652939883
703338374
209549236
459413198
786461861
767705851
987597870
361384667
981060080
78711296
376709033
683573035
74296355
655246864
82580940
874554276
316882878
127463018
570901994
747834232
964262096
539247087
229443962
219865083
973052754
831609991
392059510
144103183
148360698
759656976
295933866
801300581
315511702
505483102
260713779
101973563
125705305
100828002
315874582
106765385
32055650
692583615
642854772
106352005
200346831
577952064
833422633
517229709
705415082
256840980
117580293
522193531
796088067
347024256
742058614
621657174
31150599
986634476
618276709
179511297
598807805
914210575
980811878
914319507
272210029
94042010
16293071
397915334
194870012
184684005
357197071
226925662
877267621
51843
185794019
77614452
578003907
871733004
447360514
135935342
128573984
564940807
658128873
777178404
764481415
252703839
251351930
795632015
239338315
869628639
827659664
838146120
636355566
660987895
604981980
908565595
755029905
473791403
306480929
802416269
658475408
663678000
29341931
535743029
516246195
67652302
465873834
94250102
939385306
913234348
82701796
920475643
330691507
740830669
550170399
95172923
993534508
654038681
743321290
85389176
376183672
570980954
923535296
12539238
84485201
381033628
921104833
839515106
854825031
80102114
494447727
513300440
596296466
376306010
901559821
112542661
443958312
367433655
59309115
235859971
133184355
142010912
8851966
463875863
882841581
411538717
559048786
728892442
65577398
154886428
814281618
441761070
725867382
590333266
306816660
810352584
971366895
80437845
502384042
826191926
160539959
996831770
192008718
756836425
225654132
93568540
721895438
669612445
313518547
781204553
757988768
446702903
775731817
766840734
910578766
511089751
30895803
322143904
239982193
96473201
477030332
54263811
390750623
55414066
497113429
697567283
718283002
468480324
778005128
73183397
147188603
938545087
70015167
191713673
547897864
148185651
137798565
122309654
817798096
451317113
903514207
428303216
750536368
531762377
47660302
513631486
42852128
78556105
835775390
135350673
175029306
165322074
42130836
565779929
73252492
539244265
115863564
791535495
7724590
893868692
864718892
7429545
684930131
787250411
199143218
85344347
935436062
336941784
207654001
605750511
640775249
111168209
34053727
391311617
495446938
81714030
904943103
538299066
160270135
593234845
673649739
187815794
611073271
715780575
753595723
684325763
107541192
869459288
475861258
115265782
615844332
193096502
975211679
300774464
980346913
26871250
386118811
915782976
363813034
593772813
374049839
4588283
557457374
408103566
248416252
52904312
342333948
5875707
443719730
502604084
451626904
969885821
690419878
62700175
538182748
296531953
747025938
645723940
18507593
75403549
613506075
634351926
268500051
588717754
787642742
101363317
615589004
26277905
17146293
831918390
620050718
243712484
689023025
30024444
651816050
937439277
935445108
994149999
795831336
231681190
349270435
247458240
201567011
892206665
162674767
739749759
41254970
909700706
237990052
59762564
837620607
851496127
546630842
106120658
292730233
334273584
60000327
908319238
360551489
77146620
592753980
833118560
173375456
281777006
863143004
825191507
71732635
651104465
671857858
867563972
882785655
873644645
967538564
84352667
765851310
130213332
676618778
807106280
892430390
914608830
719385196
730050997
618621309
266016038
688688007
911351543
452805974
748688335
672187133
813357464
678351307
264941113
498992376
851726764
399234471
214651732
529434623
470967107
865756197
53808833
191047431
748541853
927453478
11102347
685410872
545821140
141315679
214546002
205443772
33746069
981671185
924828969
616313418
600292494
43361359
157517778
364160389
496167334
758722465
36347522
162041150
289590124
153804988
661033526
141316888
553039459
875685258
523267863
24006566
593957808
429593048
67570349
195016013
209562878
78672697
880426885
755384018
72504728
947489239
813344143
106250798
929160424
590689464
575080568
381969271
634050823
585114698
746129660
982734509
343837163
634993535
144775659
633427288
788798523
658325537
627260528
341837982
386527148
3044744
218360901
980484956
432637792
138447602
28017321
642200671
217120299
908444206
250101041
289625028
708449797
63445184
248392178
490126574
506651000
675989098
872095845
140701824
261103797
470741857
975952685
457457312
105735392
973244697
90884600
747050267
484086586
570661481
88888250
870613734
426222577
159765503
703615042
858860369
298213105
731632363
353577392
367849757
492592921
456194786
657474785
53559071
372156322
758383315
543685645
878807323
434372413
268297842
872025499
547992562
739039699
847978184
5449875
697291444
673739233
948850827
296858063
157825820
372028660
238262665
880955906
798251237
398028168
437087301
509627959
548757626
21236016
863205351
916607383
513828938
171916489
426598520
567388009
544072812
184981835
111073654
422880135
471870600
231887848
147421986
19863163
970927547
995400170
25313038
520735343
521655756
826680217
817593407
679481576
198708878
55856072
412953834
996960115
306400593
850041135
359104426
855158219
871277152
74826130
624281954
237622442
246742619
50880474
805010451
790815431
88378661
768600457
66211918
560249261
488305
213633904
580112424
823932204
61550427
457941814
197183900
583206183
137138384
867293659
115204111
335847262
775666083
528157945
185323729
82066676
378199081
544428156
789741247
101992585
619254286
266539553
339615027
865996905
317420027
144625478
509328689
405798688
765742287
575540607
966047950
618746944
789174512
398676726
295195500
850724939
709134893
344895752
433931122
846273277
212189411
549135233
34636891
987855495
77293178
219960620
922438523
308008611
616905128
564696123
410001196
88675766
831235676
749616223
954672672
1172056
746758053
316517713
259487096
365016692
892058320
78051398
836279988
681232832
476728125
131475489
384474123
38379370
328887593
818405245
884652647
541077005
220056830
919289538
381448852
149866361
139250158
156403727
310391324
608671639
573616202
720392521
697347405
257368231
322525096
504536429
258540287
921799502
821054142
518027383
139332546
713112463
596078782
975612535
246861647
925323259
959604376
631335771
963702629
288491969
302257368
848355276
682085326
374830551
620161166
63534178
524696912
611927676
72454258
835088236
220599315
646070460
407997109
917946721
903438691
583038558
274999502
14495330
504838060
96053645
385039066
644170606
661682460
981117848
472299493
908544107
758957459
431903869
392396230
722660088
572912191
547169951
423531716
254997517
922000502
43692882
171048048
299213766
508136910
96018658
134302002
728736226
742089118
394815464
499199299
498044162
977854022
774198801
365055844
335208434
722768798
750094910
831895392
384451258
583729110
304194886
145511718
342686569
588615107
390424300
917863009
161527298
937594251
193911077
269041168
859594753
90120311
440089216
11324871
598257222
536107874
145626874
179509800
130713344
392958690
678709099
481273858
223329064
305424252
846329703
411053850
28193051
596424613
242949242
265160661
32670076
399660480
263188731
375356645
988275588
653613032
145736007
2319238
591207283
339647084
271360406
303318389
429767396
711449622
314643260
28024618
100073848
312786486
207534418
83303545
558261528
738759869
564577403
781590592
44184121
410907106
45160794
924893524
859848072
288110037
42570538
892518148
687770517
305759269
120391145
528562457
959372301
266127152
530881696
403095937
605774237
802242102
558930678
35541633
366208077
873573938
63566251
466281925
38876777
123617021
549585470
597138305
862376890
114162874
231245250
759077363
377586332
276406044
536487240
89950756
417032433
431574130
982468904
104802951
737333399
102860050
485881760
549222053
368987202
16763456
804834342
974761439
819005559
363765020
862819424
37729988
89855310
778902027
504011913
128732087
902519048
906113736
578386745
617412290
872792962
662148347
229006006
102895646
938554391
618009598
192846403
208103177
49583728
175315307
165422480
639433479
130691709
651304240
41171884
499678912
668067697
846006226
326956703
