10000
792599335
524515226
870130836
201018996
272658979
510301596
43506876
266217774
195024570
657376281
366378304
826240356
593496922
872544678
743966896
39754656
175537595
41191568
700244965
816968270
164947148
161003364
276707264
60177831
76964071
941420105
268966348
621285855
211244384
51484027
130269395
856360071
575999254
400231
57379067
701174585
363218179
100885944
967392359
558242749
610778577
186287015
236999458
56791851
58831694
980966354
96546507
234369289
874674274
649307825
51337559
39621422
810311189
180561176
952315605
887275261
974497633
221281953
361077468
38258369
125282333
491346863
894618441
701281587
344263446
951997508
254972524
559997978
905399804
222364884
118240727
368694733
408651899
207756537
425486584
319999945
41239243
374549444
554369234
915913517
23857269
458223146
808051291
834168458
491300674
612883248
573960071
465798307
834165202
787553891
504056677
959447535
131417106
251191470
513245474
475680553
55705330
768217998
35678531
961105135
843099234
6435610
182316220
104267486
66708500
607802805
424267431
107947743
982352249
978636666
23861261
6209518
289376164
684428904
692894328
780676838
149828505
119370752
98991497
983993707
906924643
455564526
795957594
38341750
706755996
161719420
366538655
762461327
782453770
254733538
576082814
625553005
113685500
758399034
729820491
180394000
366201839
6604274
288341744
201070440
985240940
164719357
59796310
127133456
701664613
752690639
760326646
851493118
724577743
859318144
688003177
484018738
167399022
336477123
374876840
874155019
498196543
741415495
636616346
133166666
848665385
65215512
758719671
962350886
823614546
341056514
995261238
42332738
347660788
136119334
243403178
185418081
300838691
303199489
165067889
2503305
55890128
925394536
706512775
632984223
637229032
394515953
117002961
804628054
730993076
491879802
678783073
81705972
85811649
167915771
214872638
934477035
233131283
826108661
749344273
56745830
19681527
597121863
99078568
367342315
733241198
194998098
405276748
34079889
498197587
570344638
889099546
406604067
495739174
448128674
39588290
132968206
842644627
9107604
790112612
426154055
500987406
321412038
360376379
439315407
489327809
575249017
226308794
574975445
253874030
975653067
484237627
273555557
425291283
435832547
640897873
158532481
630830645
46174621
45128722
129028233
469035611
786744621
535632300
964774785
234873295
427736943
950259343
930034274
436844547
592888308
208704681
937831953
914300346
569081061
229663712
256144507
144330078
455972507
831119952
250720461
284141926
315357579
524276018
709433209
751190126
17690243
867965690
234537124
63864865
765610765
363565357
385416828
552355386
751714009
202707966
639745033
179450952
5483661
569779307
616295499
598371969
778483988
406643804
512672315
200081401
636307517
768816823
196927832
92280024
452453127
447648293
228938302
767810707
971924311
938371512
371517185
989614555
658853554
606054309
905995772
424464319
822136018
291412600
829336057
573850028
494120566
469081090
605817332
499604228
891376749
74629184
97976197
522377090
481272988
463164865
722458491
970096857
84498040
919386323
914893233
536951167
367034616
143831536
157278226
191475280
82203048
381311764
181089835
593572954
987366073
87085607
18037274
662018444
231014559
699889683
88384824
577651478
21487126
694202156
77255706
912863875
768831340
27748255
435240965
102620681
343429472
10215809
72717538
280443864
929602132
987610772
817395032
149153101
983958660
827189610
340628381
918678060
208501374
521718216
512251014
48383800
461320175
382804640
710402244
544851086
82694324
798787068
122502564
104181450
345505576
52274622
869561677
114336917
932539230
157318995
216957598
128485054
167534804
142191488
408928919
97136936
129802260
78840303
246290037
966277272
906029913
586918418
884955332
114531288
961152986
249722699
15431440
274989513
485043691
578350036
819840600
420254367
229653456
942343164
376952169
575159032
847134139
246513847
689495949
779673369
403832842
758969899
908158423
571367646
901161388
169603694
521020934
883480000
248443997
767310972
849757273
154473911
206745742
587228957
121521551
20415081
689468008
136952991
295404594
174511700
567819379
115245194
594766067
797472835
910104711
971718237
372631867
757238850
70748436
914644169
389428571
327097630
673614068
150103346
898465276
427291808
319707041
272002562
310771809
568151038
39313534
13045434
575141301
98575629
452790743
696662852
118990710
142258752
686132195
414395304
169286804
106467926
382156851
764052871
903940761
292261562
588287460
129088981
902016764
511552248
43733150
143961687
838649878
569863570
294065033
589631506
997155379
466288426
861634069
160443540
34439465
753463955
173488974
462097118
852039584
626279717
11276323
823546646
621054821
697408518
90458303
790341625
803876445
472615154
406910849
560333558
764876716
995198309
689422539
519409832
359266910
733155689
663371519
197916788
155535612
957436552
787548295
152690991
276241331
501698716
313134531
163197148
255162671
339139857
625294266
959718608
965419574
636570589
783265254
438990748
186495460
873723557
229332373
990371905
198855063
636243222
403221815
963731779
483957884
92644355
335657963
843224794
678316396
999029482
893657934
833852008
808982387
533722581
986542999
85223718
35421297
152193882
248420866
143100321
491333739
873715132
102818929
309269666
362802074
738600535
748260414
549297534
464840445
830109139
392185791
663695508
318868714
795407606
479943640
802826598
888051961
815601603
498567744
418884710
814631086
244742030
252736718
476129825
778464612
91796070
561353543
813885909
96506304
662290761
956986230
587840044
388522245
912321511
749626062
751324319
650922047
350402828
300621853
115762492
180511967
692807644
631974352
499380681
340731603
111917992
154723631
81299916
927519596
505807727
500184626
594667034
750549758
752921345
70796859
529014370
697233767
484666754
195416631
793740071
146957515
4919214
234096467
387996112
917240725
983722529
139320432
420679124
334125357
292458637
388957968
367153677
985266282
20932321
866534358
178514237
985366665
873774342
259814153
765402613
379582069
759998780
212585999
130131827
365436477
135899210
511662549
62670244
620565964
559595533
856410315
620039831
564514747
90506783
8035944
334271824
926745664
999872728
607467301
113387374
292331365
996425269
480541051
130113999
869873942
199591761
308628236
707756960
73366103
568442390
473159573
305464525
180957522
685745573
288112704
546393999
821644783
799775254
609064243
294727100
211887139
317990910
767283283
776401886
261014045
627835579
963190062
40276062
627708307
570657363
153663436
772556025
419598985
634204487
902670024
141989279
833796248
63814613
849746239
907162352
484773355
175422165
65143229
665730877
713684090
353255933
212124876
387845225
5547539
673705471
682572325
217434678
991696381
302371961
993836564
105226779
930207540
809542979
145502841
410432200
232716694
299166277
182988225
652315679
933370764
938174601
646821311
619683364
1989214
349083902
379362068
339278921
524506067
444505297
5009798
90706509
797761231
69651026
478551735
803308770
743356497
13640412
20743449
587569231
316012373
867096365
692796010
246219914
676639344
690815203
656652114
909356039
989981480
692156691
414188070
775868596
630331292
61009381
248068312
484836859
262609636
627430381
824115780
787115703
71935678
681641931
877822213
869696909
751292957
208890300
525522032
494649455
222530712
546265481
82218686
538543086
265878198
627531048
784763000
942517543
170862603
293931466
704389934
13360435
986088157
971094356
789229031
468935801
884620090
37297343
806289012
147229726
517244076
482921145
786861781
589179755
164563076
517200346
311393016
915856033
726090646
836915048
263021840
948621359
235696881
197756878
487164445
501575080
677804278
124443797
296608975
848666881
270891615
853515261
862027316
109496124
824609617
503772699
578431925
561746059
393586395
237237290
708975785
910830471
720158435
348353919
352526578
884721511
865554265
663919595
653093896
591644912
353350995
768632089
392782623
441564229
966388967
879947068
943139309
496709598
856907217
92264636
345376479
127798832
945779897
59920148
237294956
622905866
563692847
668243233
37168278
957279242
905480523
746144063
868109714
625638958
94497982
73152644
362876821
812568600
737072239
868487070
256729864
942939587
637119159
649512487
384503816
456024478
381975907
180159477
952734076
238883124
124940465
150626908
219198308
70720362
210547056
456493264
546142580
774239903
124736497
583310858
584035498
882733373
181971274
304661564
360888683
128985608
377814208
723765505
941554208
114886448
444768927
50800424
910342387
81888086
700312911
147362555
390428916
82288818
327522032
195679345
173688294
452462497
198822605
392886602
375699211
409369661
849379866
774358143
36125916
826632716
210185354
620161414
561882441
392156628
924822978
922771124
373658588
155153539
499052981
167729149
122556339
943821908
218529573
32898726
878226346
918842485
180261281
121171615
1131303
360299665
316850960
27335950
812762162
515673565
420222552
40977725
777559578
122118771
815335868
813685494
948751487
25521222
286363261
363150280
270194202
63702591
285921404
643852791
218856130
784974386
811581940
341412469
581312646
30111513
226827547
459538993
801470350
407088828
580710608
655118006
767388493
750077920
682453956
432667007
118267837
102676508
326161084
895827415
224795279
141496953
562029261
26063118
19534527
848392522
389213398
142245082
764611466
527651155
638614225
983467596
165141893
302712517
177396418
746454539
185340382
404223965
58509884
986810733
663829146
639220492
641928739
283733991
241814764
176899047
716400999
360082601
279575555
42562083
255910016
356887187
36575388
817939278
382950305
908626268
518848152
624680056
903387702
135975970
152331211
542001927
119443567
317473104
844714444
149356337
63927643
30054826
406096654
122437528
869381911
69925800
614174372
363827002
353659792
855989137
540726049
922577143
68588090
820301605
817655578
324498107
29705144
706747319
994953737
412655449
467889939
366318241
37335505
371277641
502294212
42183068
765795920
474254131
212172524
463026716
623610468
128616520
345597894
29707122
103570400
214979806
952149275
717744772
578806808
158325419
426250261
119532858
80902562
494838352
792350815
898558140
671852811
822055959
457821811
666806548
87227760
925711750
33124789
977079618
149505743
387935353
19262686
915301663
862189484
83951563
378328379
338316304
212568083
723926274
220539779
316138483
791422432
172689054
33883255
222745592
331014473
312649869
194794802
264433387
660004573
987145617
15507879
331857384
661717928
473329691
851180284
601462041
399041441
736821425
578541659
548547185
124756779
450320697
316365200
986946263
534272260
694693580
177778920
746840343
271136206
398318699
62978826
62558638
571007753
949378434
137820582
754538578
114544655
332615385
18971965
774549228
172277354
34479844
958922964
833995283
507809535
810103248
287973676
759367329
399441025
866515335
160430866
524197804
169352384
476796066
363660420
556140997
24005998
541439340
155497692
295142204
939758039
70992871
210217194
363282144
20371305
348037777
117820722
987432312
680653162
989309039
614497892
852930516
23788883
573420856
539442151
384114771
236040456
827415827
143482100
635481481
546447514
156429318
12195638
568316251
633225384
228372410
124457248
657231383
769811750
279954940
952373587
562086141
350947811
15107134
777884637
223835468
215661263
748221711
63784132
896314425
737530750
678282024
601761293
613835985
104219232
993719797
850467108
340259688
673651976
846465560
828257522
72615843
2894878
840453160
640932094
636120263
68825570
765389342
145867998
691153672
897860634
98241585
105756165
101324798
965865071
883640802
325160266
181526334
484378865
388944399
930357111
74425967
67226423
384634757
688261952
23962008
378354554
391245413
364221696
52006530
237710973
44995570
124622373
93122204
885448730
618070819
729242467
806790652
235976513
875110465
350460676
133837148
825868402
308733193
235161946
644249826
44890347
412838564
825776160
529269212
801782963
608649624
603695179
721525739
993284381
144473484
745487747
224155287
535718897
962225795
128678169
773429870
7221366
105816895
866552074
745186448
723887714
448310893
404493453
959864228
175937710
754954129
93701376
854322465
63687323
181379674
498572291
108577670
594218238
176864803
490363235
248517554
785514427
94058414
822559645
631315160
238531898
420563744
855470447
774250795
382789539
984148617
400197018
242527257
89965512
119265444
987713706
813853226
420092690
392207159
626233806
596030400
999677640
572451534
302869217
915881315
753831208
801441508
876975338
200565799
830822664
367338573
301599705
468853443
313913339
124159350
100168604
552445238
544723094
955639051
179212385
780028985
792304020
431925755
22556243
882269532
551191200
10269949
548639111
971283890
254993460
27389269
419830642
107187452
599840804
722699860
23068768
206188364
376657720
900044106
406754163
59996736
119899031
708353868
528850180
433812370
685029570
629018784
838773960
82269016
437174187
17986346
862298002
81994560
302428453
884854245
964264092
853619653
747640546
365419555
677419895
855150358
392808825
949766890
962337810
992649629
524983102
985406578
51354345
901640822
737967036
458108509
961637559
710382419
18978729
343004091
144194790
704008300
972022875
835485102
786277316
261713414
705987800
501091670
343707974
8416254
238462267
160488419
714552259
986102813
378424326
244488507
693769523
771233151
194255397
656107334
616399132
719238499
494030264
667753478
473395673
84513653
978378339
287549584
794896072
997357068
630553675
791607214
553881720
455092902
479608669
192675389
569322669
185596469
693767059
913030643
46529075
932229327
926035414
761081335
770848492
304459741
5569842
317134368
928209244
52341591
973241702
397124729
771580090
319788318
64878207
97492115
256818323
895772898
237558052
51714396
745646318
868111727
695837962
152044391
175720982
27962983
344719780
745043651
213559453
891003191
510590646
260088528
675748870
289142413
21169863
299113715
593602154
879256057
616248083
374327750
931597648
442006137
771452479
555694090
761794455
688847038
653186206
18612779
584619936
890744258
922843527
182782607
611372337
471197841
334826998
639609671
499160825
679546778
237169674
565236630
423066321
747760321
825325158
98815192
36902734
699011374
397928907
483021240
430783783
14176990
857348990
362381432
308699479
481317822
918075522
70493934
170164860
423778080
941623065
607301149
167038690
716982944
790083756
630927380
40697138
124910754
270537051
392374315
656973884
507706726
957610945
80040205
107983399
635452455
31371749
997402485
186980181
429300656
332940077
617763965
295993998
42805419
980145397
604693477
524123241
750737271
527703764
694288102
27031704
321843181
154105603
46586746
891342478
944189359
677514126
932039616
69100113
948051178
176930283
578590349
308274256
134541228
658630554
268774007
769993683
690002304
266176492
956973865
971819312
599116569
427254182
120329663
641921988
259915931
725023140
18561582
10653202
105243256
712849684
890201258
279602790
866955287
936788005
170945268
663660998
614302131
955501236
585277463
414869661
132431519
163867812
575660269
119489099
675014718
844434276
889482782
217533374
110610768
698972999
189352687
562243689
126227181
309682350
56682030
238659464
887221842
75243612
101829019
992465099
640609648
992030277
124584241
360081287
928818282
295529509
23742285
395636766
103547097
609019748
663022779
235978616
625403912
238683049
355467715
300418630
83117325
97466849
517952005
46244446
648956201
559821044
461004487
627699734
869503394
370202869
866359199
609241588
445446481
968188218
454223039
86056129
960218495
578807280
298653768
741553130
874336789
322396053
989706248
977883886
783932153
652729027
66378854
409336065
743928428
274362921
562271048
679562106
371829771
80223053
578322904
20785972
492560449
39327391
501002058
214580195
262046613
367361257
823821783
707493094
188065827
278044823
646065576
800675
856852103
944719344
742353805
583705245
119631750
584576405
414105483
903563903
89821784
333000690
165416321
833750213
607363611
727687369
513312319
979193382
660426774
91635223
852495706
5503575
983478966
206014117
220083770
98041931
573375374
43905553
805535026
761441202
174466728
304116954
762241877
31318832
101352650
357112034
467540429
73500752
941688439
734162264
977064656
31510223
67162954
994997329
717776788
674526566
575201050
83605459
506236300
88144176
27757034
211248359
93647751
11236001
417262476
313731521
109277932
843154202
357637074
767329310
457111756
532103803
923962616
71869985
415938987
25315267
428982019
735995768
98816019
223186810
470158032
928397027
107213386
389837339
775910708
824990174
64363905
351111758
908595634
423116557
439255934
936352668
486881268
532903685
800105021
904143744
846635206
761899306
599814299
56788633
381744968
56926055
441408788
158223937
128796041
857347775
36055556
410294412
445859895
134871575
633481223
916017927
915784955
593210961
158371618
544212015
270717487
75251875
895323774
31829473
498368433
187096060
968182142
985249701
572516098
620803515
741909798
271667656
235219173
194240449
328456289
469480494
251166504
769865077
627704431
232478897
479729204
663759987
642773310
925589099
651147914
128770885
694123379
419449221
721981846
852494997
963661237
992699333
927746873
711501363
24528807
278631658
898597423
845227301
116397711
323629873
318547168
710823861
595297530
553766342
905064310
923753819
23246836
8747167
546135249
503467619
241226064
878380805
167227606
883999374
656486257
818375520
12770259
203125988
90341094
734752105
55620985
54002331
579967791
835884210
765503694
604496598
967032220
516617469
302240251
83429932
840247343
620787419
646770145
288061225
27070113
551834456
64331396
50316949
560581623
610466645
406300920
801807687
341363803
573528526
538323414
997850060
244420399
551093673
200976048
334761493
138362131
109113385
241280176
718329922
797513948
6783870
175342872
764546168
375917691
477583123
700492452
68681386
98370542
199778950
356742611
125440656
751613406
421074008
28273957
164711381
884057005
287091230
819035420
225420808
860619756
357358834
75787220
957556507
760968860
276763268
144834352
899330991
238393006
386114528
470177265
35906954
245414750
498036489
652969474
621332442
975619612
205978279
542530180
926506506
405757229
899272792
904463514
9886987
172863152
785253824
174598368
56920157
72345054
993633788
134857318
785481162
203508975
210644538
595554022
964477835
339924159
740388374
716325178
578317165
126502903
39018795
614224119
371917653
537055284
119709945
845766447
365191248
325688224
388296628
144214106
731445453
140085772
901193973
741332440
165465276
538964149
915930808
74901785
463825555
762080949
209759103
101823069
818106276
272919994
697377091
635100463
612844153
437765466
203941993
191161318
416784721
242960788
657901789
788702374
632532424
777611734
486985174
997723672
103299959
875281802
994454130
834745412
867883926
895648103
428594205
33349202
287128604
197041365
108250987
750954159
959122314
170526443
852777229
629744942
443446437
550154320
264845405
56290590
840436138
468787398
99968260
257220859
564264538
757870049
898439586
196796962
535481783
385424760
47036986
491298094
113222914
41491117
178559859
981106840
789655572
607154064
866972394
76784177
804195429
975223381
680254688
615834096
145749824
533031917
245579038
441712613
935702590
362940796
498003203
776138728
831728194
597971463
885875940
248509085
208357864
784315526
445306047
743839648
22256638
344859386
87654094
135479552
238866855
266213953
969102744
28522427
873368017
688591490
957822956
677563447
516331223
490593997
145913895
514597400
23625914
391492933
956310013
811844856
754433729
306829569
440499937
438678276
904801032
326375877
687187361
113158897
963207755
985009760
709514897
985464393
329869146
797168991
973460297
568736001
63382945
795079393
449774781
789267314
336187235
260114089
319347113
852518458
750708086
465261008
367115858
626850353
856753942
175942224
291211561
463704023
482771793
731711498
754898651
240089177
58087375
294602364
205764426
873811482
279612125
915279323
711792227
461997623
564964667
537768876
30733625
480863964
185364621
333024758
122647630
521551856
445655199
441994744
374070315
48879638
907255752
593702525
675729991
616526046
769644749
966941552
80230070
252416542
551169403
687645073
492505720
461773130
982247438
698270146
335584613
114375915
466065822
47376840
576373538
883546841
437662069
459623515
216927157
623026690
792648273
339574787
144578547
90819825
781569531
371165214
139699463
688825284
964867739
815429454
157867682
734512489
634887358
90614104
839445383
38573113
778259178
184467455
500346244
760506616
882737602
835930857
874882531
201319776
735824049
303772421
84866617
26002470
763395937
154310126
649029161
408560562
493884913
793607708
499380387
275454445
17289274
639079850
816796081
982157013
307025656
974663763
569185854
941913015
65277868
408631238
980486128
843537046
593098693
333348724
456560014
328352647
21795933
183958897
382188775
757619983
487731318
319571744
783622453
103643607
473881870
285167966
512204170
967766784
78775674
11584557
95737581
96064948
650664408
912533662
930738314
957690064
887197425
499924168
752119431
804991645
761071758
585121912
501045043
206686804
918470636
957605057
535039451
940266570
994080306
917228227
550402905
334327977
89316323
186541710
437971584
563198194
471709677
950175754
530964978
403001703
961760312
626702559
351583004
464941072
391752573
134837670
275147488
131466350
634761838
879783272
936457996
248349949
317421536
437503039
455036753
88408524
247624449
990076204
28675094
94221107
759820783
431594351
428549084
849137107
470652414
866520669
264851653
942362091
816696423
795816631
197880146
630973087
275035542
401979502
948430511
666788115
536817172
76094352
798254465
24095363
955877624
587228813
272445312
273299160
24731853
727482065
361707684
124872654
570074621
242899131
219093761
182411757
527009834
647642846
31548864
997662248
366679867
148916869
792540691
35892642
944733500
990420838
666865730
72285394
244916692
467812593
591589861
781733865
543906945
242360678
805829228
499784569
829589492
78274540
625600081
706837697
805756605
987307766
831710351
228347578
82723249
903320464
410759335
609733083
403479662
294824551
459911684
770159529
443741420
252452375
806052172
240991272
95389565
325434254
313276666
340306258
793246847
904866527
122040123
337153793
147227206
780385703
689454714
829333050
858660243
315054796
536170747
516933200
154878914
220397450
745280778
90118515
123717914
8556466
699851598
379713929
303381017
12279634
149873458
747122438
264732010
955925630
988113710
212637927
133876236
153906729
552944185
927123084
58773256
527500660
116793229
58516814
160402715
806247943
740366216
19062958
121302739
129053315
388512510
128698005
349450765
986309641
218816520
325685032
994866107
771184471
705398961
298247124
783464105
707788771
45369562
48196115
516230754
885999625
113350395
650106990
39906354
666294580
577230074
951195962
46311593
694023303
862229129
206714308
352787599
602595345
78293619
326606690
731648661
319322481
455304696
933615778
305632122
526637568
111817162
153014581
297822039
817216123
451261706
81286145
377521247
349147620
981998612
893752001
87663597
95349007
543858991
127569951
614159940
973605418
78765914
512987885
520145073
793511395
719702193
872932672
248623092
650512164
199539363
980271753
969834646
507360411
766403884
127983120
33997979
878221046
280997702
184336371
547953522
732259408
118138868
925474769
933923380
100137480
819226770
21586978
48002840
215602113
1673281
514679132
41723883
80439195
27667017
561868957
726466942
599885562
434801629
975090035
102914079
486857344
807878140
72748725
994217755
574282024
200731845
28215735
305019423
481729547
65068458
852972945
66505307
183207326
778447714
428688
135861158
450190836
874532018
36380350
518309301
876205299
551059482
560033185
809160847
431242851
121902142
535627789
883644766
409220123
363234176
986558845
896077468
171112317
59307570
890295223
597910693
112555767
771027310
902930116
446801667
836095768
755903061
513306974
19303094
386867127
366252014
7680605
689574315
93300384
44060955
207883617
969505684
595120438
767916802
778666531
878879641
742335296
166810672
762524407
151555419
530044849
601599604
47632887
553673518
513423526
790444463
151584211
625979294
413988125
54514328
72780961
102600246
662933741
438604287
974419692
902317221
657372654
982100297
591891536
750673038
26161253
652291505
720178722
473798043
272724659
351361605
352677684
15059955
370688630
967718444
19131727
900733479
569318048
66764614
306923349
82741575
709725429
458507560
561237221
976229907
365538240
486534534
78830153
880988334
777655173
905766197
783305555
435027827
887866495
227713443
38217218
766544100
880004949
758395940
240342143
5245960
962273898
445536179
20305916
332962528
413254623
39437643
86212359
835089024
958718609
393135708
770346951
520960391
704159620
184100524
497190298
69697861
670635058
428536803
803202547
300806583
186819352
439024454
735834411
74685847
666737897
774051629
693746299
399259198
384963921
934088442
404505159
199754171
232140974
277327427
532716699
645395597
316765070
471445410
333000973
128000031
864581118
103347924
648960422
421257091
287448448
146150720
343471304
810599858
427203875
146673851
111406442
614023228
585698305
699757205
541225427
104952554
326325186
87488079
356728105
711289107
21576521
761233264
911043279
106233847
38560691
296276330
751629445
207842113
767721741
84630418
335842144
484819211
40494695
984802567
906076302
180459495
983469639
102063958
991059354
263189867
248737809
102465796
729729447
686952466
654739353
123471226
791905021
981064539
210959305
1149478
544869998
85052179
762382742
308429629
191286026
653459785
604705960
942915471
713818250
224944053
880062242
49660394
562279616
773073289
886979313
320872271
953532784
722965305
422936229
944592138
838671524
671674039
899574286
568400971
211142857
406829991
691872197
3047878
387894530
902831503
4197356
932764529
987883682
619096450
93710510
31686060
125072587
698416470
974601532
838890837
775876875
707180126
741067584
338156492
332769767
480563249
659028763
286302551
56044906
81964992
83411042
894716430
606155383
835501680
315633753
817298241
242331672
860022303
672862471
482742554
615370158
529576180
268023435
455770192
1188982
361733946
487456252
126261570
60150416
314574136
817668759
688543644
21754262
411252695
26700136
207040381
744332297
538245251
493342933
800377203
472726595
429270327
547609986
931398331
264772007
715760091
601212924
359620031
575782394
126591747
842362586
43668904
656167927
110386021
499439096
509873262
472119967
986895349
488651184
384786736
301469485
158836295
73330380
175740100
570088991
952546868
382780481
166937640
343308471
728639766
967314843
668551418
157910093
367441181
599949749
275198453
83201273
53679025
634818484
511500019
180270773
477181070
555168924
836438700
440083444
54608020
198828314
912203411
894019721
687479498
149506499
48005559
846315794
75353231
223745659
268921137
880416451
459042492
435858777
76241274
187682259
255689972
744792693
198108704
623131154
197258794
473307157
558848779
250937820
108125642
922865150
431208593
437823064
330550426
120163645
877906508
237674799
318991960
642626272
131694520
6471458
792132771
179700079
852787252
720002355
255962090
121708389
600418806
715004583
410083518
676660081
902686842
665773491
273969126
100795546
141420997
471227920
426619056
700269776
722165740
534744698
475651278
153374333
972567762
806201705
273537979
702990623
43876504
592529939
345616895
28087376
451517749
990266018
207787456
156821354
710268373
463749546
131046095
163203532
31270481
541129614
692379965
933957323
206903105
966349091
887269222
348324102
437577011
166404630
901110230
12259104
701149328
376761508
165633437
526233442
35479565
291687768
81740417
79356069
884217707
427357312
107443446
188251809
270139683
167747254
345073163
980408056
631496800
476119258
996127940
662767282
17248872
688507905
449240957
76668329
507373348
189026531
424992431
944950360
355431161
178619013
957209464
909096841
555380522
975359253
287846636
590860087
267047022
369587053
522732509
3781081
796944366
630175955
192032890
67084049
797923209
537106053
900008457
281936361
13225312
748652750
797219995
882990536
289677007
98977305
959658866
797050356
288003836
237167649
594517068
495951350
415786663
404242884
405048191
971167185
379602137
692894827
414543624
499165511
62481881
937276133
502946593
711942599
419968440
547495835
631543000
70408001
84601889
384067809
204860715
950343553
132720559
2080710
685850441
274913919
101058015
645509307
71964275
241578204
882676957
666481343
737529554
150979972
70724227
142577745
122147157
302842716
687988925
389207133
802008228
602987158
178999619
157471173
167446109
451484411
704967008
651505461
521892413
642085249
35573270
726753128
444945154
20810182
581350190
130795596
148240453
682408206
628821255
220204728
923986410
364014564
739202423
514032316
514994536
662443002
509126413
489658045
965285718
49631690
731381531
619810298
652618848
910381150
629797823
672581309
214381913
187281184
324086770
736274326
829366433
212176393
315543806
126827940
85502927
896893997
110139888
233743380
431818555
591477495
306464460
208321317
955492060
45666883
722353633
323002948
708109885
83996398
665177346
525911955
133628089
396558877
998238606
786246937
159456379
628036429
311344599
373838292
815317613
635431369
962628971
497200399
700124114
130689129
476544691
785627041
27583126
586684579
871886773
311918033
30678426
178351233
372755702
986170486
76534468
95109335
161689787
784644353
31622086
826867133
163072661
165250175
75942362
13827619
951497112
87915093
641864048
115358063
461753385
309698014
750789433
276898708
659414765
303429899
407587838
135959456
89056941
287687316
575160387
813460066
599605350
605838813
991811300
972361052
444525652
68345768
919986740
606215439
705506474
951608826
285598924
721095487
116859001
214057638
734923106
920872465
301972731
229303506
36230529
763726116
539001520
639536314
40624825
50932637
942966213
300729015
186892093
884539506
588416331
762052480
550515925
40538033
220407646
394843577
12899086
664933298
315705697
785402178
123665089
21212171
589527356
409264013
594824010
558902709
623321651
329747116
332291526
925294382
559050623
221038407
541536850
950568495
713091073
434678027
1501133
508573639
735407042
40909578
245629497
176339726
802962059
796145422
216877759
23369705
190988999
82293197
540819355
506694697
867695375
664484444
380423220
309739083
73748457
975247231
721158144
549586460
157510699
53449671
327397194
569077674
127004430
721450396
519646170
840095504
8644776
373663655
201185495
744051818
414573233
446814992
920391544
70051644
242960415
137269304
93421349
286465766
72078853
486757056
793160463
939774229
151241500
26100036
102029664
77506309
853863619
823187809
479609121
11374318
729153832
807006315
432968345
708674614
380973064
952614515
401286470
389617840
178794522
602471965
133669658
593367755
49286958
906577555
663419400
144763725
896363211
609357101
431229491
968442064
96114158
76906307
760732645
99872010
103006343
715278662
177378320
956869962
390982823
656987441
820760632
120136655
316510109
106245329
681327621
697483173
58859844
82614092
87101013
90170718
685086057
73287023
683538474
586889367
832380930
346957874
731653092
581260493
956314975
162882584
402218910
904945485
239788891
15467907
4817496
195311586
730746569
34712168
4697900
121729392
691699609
825458532
94382399
860726070
931703862
628226373
410725595
843080058
710840465
350342960
933250777
248442874
276146336
469305603
835332242
108527266
816263477
419501686
542304112
625094804
582384270
797039374
382556642
674689513
812507281
387374138
870001099
395770203
422086306
874698999
370015947
966302267
552673884
316914699
827028338
336894098
945141072
90270285
32490508
508497889
440613246
965741285
609457115
716759582
287563240
297305709
677803200
103826717
716807396
72623664
581437874
151708018
869663038
963994516
826397532
534686672
203885006
696398631
930456875
478487664
423613983
152989174
444789931
976287867
322420225
124334621
313181965
120077649
214604907
345672473
628575538
655218153
163930111
90549006
224494087
451493351
387854715
902297287
407836421
104662111
974920952
841790647
256370130
844583990
658301515
82767662
231787014
862186521
631682645
14760241
193190537
55296628
167749416
637980468
884100847
490169641
614831442
49799164
610247291
829436349
395471638
91339181
337170854
411918101
181888187
561664941
863411452
569742903
316478580
123764225
526921366
291399532
965554872
783291496
988499875
476372739
718575510
220286889
191075612
202774508
235047131
384266149
110587488
255312899
22246618
994688336
745482540
489594412
44487500
208246183
171547113
292475490
152101717
508717967
704393591
333989904
922899260
420321396
756249159
239377840
396601973
283170526
383293725
214673198
918978374
371793600
691045937
490070237
444596841
882121550
692844745
679643972
266387699
655948585
934956871
141150669
503153273
532955764
630745081
400157126
593718299
802292194
692632616
745820016
163526513
249542560
79809921
86425773
522380308
688575432
178319966
918982281
971745958
561613691
133655479
743240685
785923643
824701417
233310922
230520484
559339319
778672019
762680809
825727018
434620604
550154032
819394040
937773878
83109796
302655473
190447356
529344448
104947668
883079972
275164464
120990533
985138884
207490737
59932659
507519192
896066170
90768977
279017826
720328480
652382668
412673305
316085517
290822663
89891074
549396439
521343147
649230393
180584810
136540308
327473764
615205415
686694341
146867804
405495645
622320489
302039629
595943001
151664937
259503649
331539325
279345754
380494183
169194562
486836491
292943194
676713754
235419013
383712171
955731580
808263846
36094839
220921238
124349363
179433854
163328664
526262155
700777001
812559058
706846965
837317310
992549174
174568732
376528003
991933330
580064377
998848492
293972959
28523730
3029782
553476609
212579408
282375536
786487144
381773970
769212027
79430338
58487724
857147393
463142509
866735657
665411239
351753700
940173247
642276954
531187554
103501911
168539109
84480907
768577321
875386075
774314569
761126495
49954807
150842572
605576177
482535537
2207417
899549137
363575619
5237199
305542098
576155027
287612735
92029242
957928997
56824762
23975932
868933074
766488507
339634793
588185083
284416098
691388493
528358330
926693053
75092399
484376593
95232162
12089658
252953915
823134589
786404228
866596762
725605749
937246800
472172940
60657638
939454217
224238429
424233257
944691416
382296879
388285
84820503
326842473
810833634
141645266
350818405
679766708
760650125
690453198
120468143
45066224
234358043
648826473
971759277
161966794
133203067
919507791
174056452
238673334
595158733
960460680
105270096
173280834
750223833
429959388
86454824
542194402
506714169
510688081
339402171
889011048
363592718
424222674
215853521
26942705
418384292
419188278
706709413
179034418
109641476
827177557
76616994
196515871
328520382
48376271
358482665
314239801
820400414
532539118
405429487
268075499
345516150
363215936
293872685
95739983
793175324
380327509
637934386
152405846
891015591
977336557
41416894
107124661
254075583
109786768
134067366
672459876
528975046
693293132
851494294
491132875
372987041
928111288
687648746
701507423
829003911
898647764
868263577
501920677
283703234
273693064
622512529
629219384
636909000
916385214
724959368
282600677
296712724
215410106
435006523
40244667
45263015
328939769
147369328
299338598
438726537
133953047
971798474
967701584
827246179
675809120
458834459
52749572
456436760
998999557
754256995
137957023
897647321
475036924
492394053
33866907
748729989
114906582
663086292
238155341
31291796
240562012
373272370
180520872
455972118
808278893
73281891
353751485
137218663
73167572
653090083
428461552
207120619
477404910
396163136
886883150
5730382
707513947
939632722
314683495
706513505
546406069
452640518
456677178
21442994
945034571
490544086
622689335
912457505
6146730
860844676
796265654
246708742
86633399
976786526
702680860
894912292
50068418
56432345
884647307
123235990
562038780
165625212
182872961
891960042
561788348
69756111
897690425
121818648
861905185
64890272
828332153
408311254
517530790
137525683
282270600
315081714
480586121
904959935
80055571
486732851
618320964
876321225
733441593
704954363
705624104
288638805
452383007
608208874
197587502
189546667
583961216
759626283
355171879
766834177
504102677
916960227
689106640
254309454
38778875
403528177
319199726
719627380
811839431
836730517
709669416
94110032
4328583
190255537
851586319
84384154
676988389
469907283
960705380
262946334
27377998
518845836
551585140
479761006
127054710
749172642
669307673
711015926
361315277
24479552
330366455
865417955
793956131
871989447
119727409
685251359
275517624
438927136
257395091
939873407
128174005
967064507
886499791
132502588
9836397
738086111
69403094
686824786
60509746
882624826
949771120
87887745
401470662
353872612
567648751
381041724
103045255
89472776
92057650
464360532
113952328
274940457
182294839
907908459
146929904
302022249
445676170
274963880
593465737
703071262
67353640
721639742
670135769
953853431
706658682
679972166
544455894
628578128
219313304
604965641
511202955
21600777
545369738
765189969
375473389
113018489
146231694
331034996
55007617
90805696
795395529
168959945
218262506
977690368
929384756
217708762
132228969
375060927
492672643
725694706
78132189
560026283
299850800
600784310
366396066
859025834
133272829
910851961
487603963
205102485
368333954
851323270
226703262
913703692
616513239
454693004
879238533
615261285
785728000
934246150
706066982
433639881
103206095
924329488
263846602
885107203
142038250
396075571
112684482
487227245
974286630
43333023
899769880
126653782
644117334
266165947
985679617
629906515
29534260
325799932
835009000
397868214
177123202
61712263
311571906
646152793
368921619
43326791
261414079
154649619
977572941
819997413
588289501
933295388
596843253
852136103
818402591
591397855
100728026
931087074
78625101
75014656
974420097
830911333
54184791
471053783
97077280
39864408
100960298
126611540
365664340
788485651
376996106
395303894
702714266
688568012
41456687
71635885
731894803
155387118
78801856
561984096
975384531
667091357
495279484
572227784
371743812
166198428
16141992
324988191
949801854
94767093
252519199
776738303
778194778
306703990
100308439
727788411
346568398
53785089
706916303
564749090
842270740
83912410
960052984
544985006
624996774
1509672
469137243
209407930
9413142
547939100
771392026
984797674
67546809
119187863
409541810
439290622
285386291
425683802
764278813
87704497
372967247
16798012
864442800
151162026
176018355
964751239
878950437
522586753
18536329
438383092
87335844
860807069
522295502
899905180
258308428
147292277
753931204
727445671
209216559
763344347
127901123
980608585
748142021
195447933
99796448
10200183
634738555
237699091
435883986
251533720
325403588
808851233
120848084
189846389
960013259
296866439
7113980
691480048
671969545
25650309
129863141
611821741
738973731
504674995
511726921
997282159
504483624
118174478
577244182
713700183
881518825
705145306
546825121
482177198
900593239
646621569
492377381
387848146
884320661
928261367
491898218
62240601
737112601
612746302
252086990
549642212
762129094
259200971
93638613
434098639
137367632
76018106
45920380
876341363
433209453
410163653
726139874
937693078
528338131
155900409
503909613
262373308
861045715
50734734
744550506
614155306
549872656
236927888
854519804
286709669
17705607
346418022
348950270
754818208
811680676
453553613
156976773
573809770
712754584
103131738
860424761
850122216
179149844
758861493
578979932
612359297
21541499
305119806
402568727
549879630
461020215
758994693
812252939
174582282
662245779
409319797
641253940
64634787
646247685
495773744
351344456
663953293
694708118
552811079
271287853
506388795
6364692
280780978
932714917
571635628
383912716
793139679
274274196
563062560
404517524
853254128
27938210
426059023
10890287
283023289
975938654
471910502
42017982
640707945
499009137
704263762
50027742
140263077
768898549
548791780
488553174
972759358
65261425
183261292
525570437
189065630
542166439
384451481
469846609
474881357
956087109
853759325
120537388
230361305
269338238
525054912
83615434
297276448
951113936
94505721
580299737
779568942
418932575
474834072
272793239
917941712
31614186
175337333
910721142
800512735
576645465
399274316
625788445
641906890
435051960
3875234
830972521
977218400
388326715
153335482
304616109
344413824
7094807
425153497
427291482
276433045
802724761
363423268
426225845
606355049
310445341
6525583
238440343
729377916
333876007
511233582
499835981
365490193
539087268
263073475
18519280
115732733
662347791
644307726
610155976
97399751
648182960
293644849
927134503
36509676
446980331
231750612
233439852
454075138
509420461
660731334
583024536
312145223
24154602
9250381
918500272
334599943
868292316
9456968
916494212
202168323
520690550
268846545
567658516
59777818
531920020
586177797
28026904
46784163
83001875
638182880
144183914
731184835
931827729
923834770
767694511
231324412
8101734
1134364
685399550
517522196
514382050
120940438
829667419
538536653
130190820
600684043
725652948
998483136
610141011
642147160
53167812
983347914
910993705
473342680
895642084
295430077
59520477
923668988
342214240
142522352
414368220
338914507
726223540
198712301
262749277
346434403
430036713
270851011
200085119
967952616
788373207
714467170
88893054
470556978
105520175
71600226
923757374
831173123
70083363
386414737
325836636
975767527
369762651
89346693
449110207
117921088
384776771
361147037
41590076
726991011
356185741
308474649
65905518
82409281
359703302
181171147
281360037
789740016
452022159
481445156
610208984
92911718
195912326
699102038
415985049
301432501
770702265
339742423
132605625
693301980
726157160
310958613
521585859
948436164
400305306
970696066
66357252
785082077
184359455
960463680
512073089
393061549
121454681
430494959
327987182
481157984
611666107
609347219
123414352
63688266
90792376
733623336
9116336
139221054
285241726
425101385
440653556
55943991
617360160
425775533
601762323
196033673
736734146
123348182
144469837
137039452
946560601
63343441
774637882
983436408
23807121
139227323
376497957
145261803
569722282
704485140
626419787
181388389
166348711
749834139
97593007
257141087
335973827
106709344
396362142
621215553
384327081
689532050
529675897
1687242
115307583
131438220
50237267
704558081
107302755
194707104
694113885
906379708
258050545
321268119
742332468
134374018
460495442
118830426
279635821
30217725
675831918
758571960
64122466
842180629
360922451
161715474
951838069
696896278
120941170
200716563
318111832
357784603
890248613
847787729
211988197
858072548
831742301
262225464
415146981
791561408
456932568
109260866
550457468
567499465
283045338
145306289
701873484
743540780
116653067
981509305
773758505
792484985
592597618
837880972
487181966
953520069
852112798
291536387
650416348
973053968
492252950
821044532
183354923
382501563
521348613
395343121
93090463
205607266
657568585
508237444
997168675
114501154
470014663
400142495
534516971
753060001
545448784
236390455
496600781
662101851
70416113
122875639
307103188
663013731
813272963
646801507
469050152
665385761
938337894
119466500
490956081
430590845
793027384
674311004
665608760
314375997
69654125
758699224
519983264
579739063
266936668
369668291
546756569
736951331
622327138
81273540
342527684
20292275
170180348
839128466
682394126
240596461
814520457
842013667
756126544
627793420
488815174
225176696
145695533
279669420
197159549
489167966
710260265
990186933
15995322
228385378
157079283
85649448
987084602
529578899
517904863
106537622
899247190
64661432
843488954
374090680
145934972
38532990
394382955
168631672
877661456
76777082
409228133
544698265
771307101
17871029
25008037
112638627
243047726
170703570
392308047
292723627
659871536
102568313
135426912
675866859
183470043
292506195
614032659
170554645
822085094
131937522
277092267
573848636
49115306
973097573
947939317
47566630
11630564
194838624
216198303
741808372
124132058
477942788
286506638
895439159
495813818
311514675
8077786
738861544
334734598
400385834
31585171
994606134
355470499
19528435
522989345
538940542
312034631
989538356
562011539
986636077
973992230
839103806
413001066
23107536
664717732
213456735
923190519
676348296
408295359
139388822
270673020
532427418
469847962
557179658
427866577
965661780
721210686
288460716
557039676
55945284
688846550
441141199
903067770
896833401
460669635
278573468
288290295
772704266
268111824
850301834
611856695
94620407
541921992
24857761
117727943
206639724
238314496
893434814
735504372
646609856
885339988
6177393
31553626
355187951
415873403
459420203
173366083
137084089
747880919
730405760
45545725
289243821
171546959
948613496
38593574
632216594
227186964
326883869
257437212
347815140
177185703
869293908
442435547
719107696
746668021
412679843
778263772
984982518
306114657
513768145
484108726
43970998
372461890
515662352
399158949
788335293
827598907
572525032
925419383
427996179
155447144
970965108
717240000
326994104
772094956
755833575
811727050
999281920
82717444
69164263
199613413
112419500
790974523
642048960
684043548
390158896
54728803
462307320
227657766
213359813
828591817
711766492
257330811
201053707
79945196
656489760
989389001
907544104
81531144
767324736
188056635
236978289
590806196
905296635
416488745
215417505
513646562
228215795
67215777
448880359
149896410
266829190
413816211
793387285
908878151
97859759
183546182
963606954
412683431
411203948
29483119
241275249
975486793
286813930
294845308
55431989
943303690
136750661
815492445
877351187
904075397
3549080
114329476
347397946
761362068
383334573
562815451
127524982
611550368
630031228
428921693
613963131
896860419
842737904
407350416
658254922
940597663
443412950
474378228
205797447
854616899
503861348
447072696
682620044
790675278
741918004
590568385
586495321
878668666
258577183
463846508
635260415
114642615
430692336
835174713
876004683
814026909
250506516
856046018
278093629
880537745
284967711
892056760
629914516
127705616
151923529
140685790
920819631
595336479
615064018
126617078
302469730
118925366
426206126
985089774
909600645
20640483
428174512
348612318
751825501
686751695
812458826
239602268
801394310
95667514
74776982
529915346
762210775
325283498
385961364
40304404
58337595
523445427
784877517
540768463
503667395
789317398
681454253
277003379
237170229
296518272
256136809
539639960
267959990
682342936
377246086
30076987
555499771
805420598
378689305
307325272
344688645
43664483
546927540
146082956
139331997
474220874
675998302
901542772
799504373
914476018
794363529
710358320
437921445
431757398
251126784
941588841
73591148
932581037
71108572
310761377
81615661
327245381
850401337
349575652
9588317
80163776
379652639
417604440
738100726
758341945
724929712
82789372
802006428
124373605
81388680
793854778
598594479
757386982
547913902
250615204
524379352
194793783
960973525
962300797
626551181
64616661
756405990
700142329
849714050
827514562
10903707
931329712
7276296
713821396
133421716
16864613
646501524
365590707
286985406
384602251
123932652
11915118
319907975
778455433
988805075
401296655
424826563
439915907
11199989
972740465
690531111
535579341
167534249
504020988
350396490
646601782
421154001
106802481
199260464
270868052
786833395
62680523
54714116
794109691
776501919
40652184
663490657
275519796
406242891
950476063
660122047
382691896
814907533
980030022
13663681
656228961
233843029
438490244
96144868
245043018
411230709
639192331
780622359
431281310
143213320
131018849
77883093
416883673
90337682
277143557
687751725
729687430
339824080
594982193
376313473
968842351
635634377
39804130
244362147
41877269
842796545
757000546
424569165
510220431
589546920
438232846
18965744
823389949
876723090
115110612
68432967
140470151
754302943
849055326
571751462
750032615
832590528
502150907
19432641
922928210
779294464
707184366
505131992
971634896
154682912
881445466
940477247
790317289
773765948
37355747
832194558
469078846
794356293
109280075
979299277
236419566
400029273
998265021
59809515
129268715
965891985
128242483
269738867
572711280
829814161
694006681
175260248
514921041
196157588
194692889
290365604
827968404
901877255
795497596
799603300
56560167
676943062
592596899
699393809
303225363
482468998
384104719
772304209
129341644
493384795
604119838
365761210
893414068
454901211
425570725
22682784
420793196
406329560
144938003
993504476
88660074
838944684
21281076
603581115
887618624
215973965
893946719
715587028
117851221
541960668
367706680
26927740
71420082
812819931
578837901
374645445
295288930
962942621
146949654
424630574
308843768
751069492
790391784
54774188
58487055
68478861
77456972
479280251
327324774
74911327
325301080
415984848
766372363
346582156
872082315
653990987
562556122
618545387
222094367
532923695
160506055
442317399
412367787
231926137
255137331
991205689
606571583
402942613
806664662
606037589
827573187
115508430
209623434
470481323
170282618
268110489
391476536
100255943
747390741
718801310
27683622
925208173
134786158
794055986
124306681
859384826
300563325
686862803
477930213
522657693
72302850
490952620
964975092
337186990
722878757
72628775
180909031
181966692
475571388
987573693
788004282
155660927
103082123
997627716
478658602
125881093
118254557
870135139
78653388
865645298
588936449
106337011
643369823
576238960
900392997
767676505
288140138
200956322
307055660
766070351
576130367
379358511
109539323
393621812
716545501
832418080
466250587
897454532
866901125
794338328
737544577
507421759
949999255
693143052
357565827
281174210
819024145
475820384
151309349
897677534
193982035
592762150
4014545
837351858
21517462
756923894
605028363
309657600
957880216
912084024
75727951
386526936
143958887
37783626
780148748
713020740
870201707
98915687
462991624
589619184
893254015
200536201
97040943
695769623
893679253
454606770
976943833
565219750
930427154
128253182
315413636
124409189
573531684
171944533
814277400
595049147
928868427
271822115
904706747
739264996
36422491
832951051
125791932
180381378
870734677
758457032
893402118
593452736
857372719
208910094
183071920
750626735
409446295
132629215
298912710
155641900
587235985
275856543
573378003
370179492
256626077
888791639
347105033
830157761
913252525
13898785
277723260
694637304
285720901
182430008
286418652
322143392
15381059
264726936
502524771
738632088
23183968
248443241
332084825
880556688
457353336
367673097
483699775
719315983
500302313
782612485
874957884
87538298
910985380
300852239
310234142
20127809
42160230
509855528
850285570
955412755
523754313
128008831
650050060
809475214
162955191
936468712
131618607
30852602
53712001
486659730
769484690
76895969
735102971
954085867
809969009
44972659
321758965
146185136
764288643
822061278
928797621
491762879
762115928
692299353
792615118
924866423
712427162
834775348
434721951
415229085
642704456
958476264
395754268
145270868
620467831
558709459
81739580
752086438
442078413
135451581
91262520
64079455
64863903
826365491
18165323
874832912
723854503
192440640
21018049
340659498
14501918
802332022
832422377
629134198
347147728
477553847
406516973
59574890
164845547
841238924
474803975
807550003
652231541
870558243
952820871
125215724
281784054
887076804
877302162
723862467
875044737
968564682
787941923
792424992
647446525
658623598
519774257
223817380
851064238
393308658
564476878
718082508
48157032
249415607
199733058
395304760
726969454
606250032
454879651
744331354
300005308
782199978
404397709
952236849
505274574
209734933
77452573
787058628
96811737
807271087
363437448
824372826
628352121
3895723
469314171
128314999
662519321
989088428
352132379
366099911
382397086
916609258
84182419
430554118
18541217
283915477
825858879
745510672
890165509
133254882
342358378
42687170
915454860
746756087
994924019
273245786
956491020
924892945
60304415
905819109
584680384
276258215
582708288
65548858
132670290
52022459
46380209
795189611
41110887
398512588
13805874
276024325
167638198
97988293
559094795
186179416
234420122
237470026
784206440
124585632
370724908
126564818
19789154
138696121
873320905
14713173
411941907
682328278
792122470
324762674
588147387
229319207
453537241
23372027
147384417
586207531
75394486
193764626
233913494
969021725
592277214
247719368
97562402
612431765
345707661
656657198
798611181
580127784
894127224
435333973
557229768
117368485
561898791
577018922
256064606
287736048
444248447
520522865
970064326
88887270
845285540
410728066
170722829
151339133
434100093
318107246
737546665
362010932
511871872
971460159
331032657
104149086
219179528
428595060
569097203
417403541
85252258
220224736
997531325
831895834
655558709
407277445
949264319
69973852
836812719
57845277
357709901
133577519
578368143
180290579
222464789
276170035
443534997
393187618
427509168
877635091
711294864
165055833
92162375
75683088
136515993
423195032
32348526
208211873
704306444
601445730
625615414
642075054
821670466
475663092
473970889
477229176
735456889
275751560
547203028
572269609
333596838
757429281
705847128
911964981
937719861
780828269
188135016
233771210
26532239
615644184
111406301
737827103
633216370
56085028
813510191
622248715
479280061
845858717
830460588
36102857
299820799
308592354
678177912
121491266
636771798
4665153
451236794
372228688
280416713
998439822
797014649
614013551
608385456
355378129
525978532
398621669
136206398
566629900
632392879
162738637
34790437
596315533
753082092
668006807
652400561
419108635
290255522
131680622
117483704
973232462
20299832
417304504
134341168
698477744
538795770
771112967
703142897
990032564
143341655
983559610
840988738
792872656
597573162
301890546
148250785
976068046
700512215
136973535
542697947
332905095
299712172
577488384
929220628
52794264
98011543
434137541
324419251
388267065
418334516
441902955
214015879
438634348
859207459
348357047
137112092
250519581
119470014
840254989
93068497
115328021
676330951
934057236
908200677
126420465
88464134
908967814
102488512
788976350
45941349
497702811
121881445
198169873
75191195
903618425
103480489
25719090
190272318
427899740
413986155
608606834
869802696
628002034
47241182
729010155
976359081
36869626
979529737
948345448
877124615
72598234
63673469
405971919
859171822
824390499
532392384
947635957
585874665
634880896
589128659
631816015
132583707
563526456
829985888
60291254
319661233
933466378
86010344
509933551
213882470
352512851
118540386
83685166
833031237
18297920
665211674
661906671
55167547
497257763
610252119
932292162
422372349
526441940
190780433
134060524
203348791
723172818
81696481
789223457
210570066
523341492
273555824
195670126
86867948
956058064
108477732
406529181
742040794
47004429
916462732
955923265
399517280
887519470
39608431
85064870
905817391
557336457
746971541
960984938
54594220
209740012
745793452
476966570
736181952
936573886
611027094
792047096
659746704
545239927
433786905
870316770
68581419
707342729
65986896
7965719
515917145
26980981
267011252
257957940
73985410
35990336
66397557
473502690
923509807
106005988
558567560
829327198
515858798
158055453
642828488
570453018
367795465
388621940
899935940
103977418
177712178
363479386
748540866
837458882
908719313
182327771
560292005
829817084
742186852
478795253
690299155
258103997
505776234
957310407
368578289
579761644
993300744
434975846
905780687
916810551
393498187
316864599
598654101
909356985
474920053
93998941
332326355
842715518
482620881
232262296
799209288
660333060
595741682
547750154
350308294
356977348
582594277
763116651
39310784
324781129
94428257
729609940
435401479
600204491
539436699
803979768
32482488
532737443
238955615
938263175
302064346
632453802
107644126
753234799
394327139
582564179
847233740
726653494
425279698
182370974
958915790
77005338
842704034
407173825
624755493
45528680
616667525
59866122
808645332
655978309
384647252
903073589
238104601
820048731
355794432
777541301
476544851
240793272
162795096
715500466
31572799
317375795
200470620
139216926
70610594
594797759
721781105
917844335
173967606
147060803
100215309
132883396
76582494
795435695
392573573
701337987
693480727
9241098
761204109
354642411
517735760
998367713
110232352
608356713
670932796
466026785
238414366
147477648
706820057
401209463
715494466
738392857
718585258
915965087
877609783
641712204
363279198
451907240
412072891
537246804
451484396
364804552
522646553
528066890
12756599
767736478
81921229
706237327
629493929
843125338
60879738
147229689
694009404
171112091
608102754
364942200
489655228
846517121
364936200
48991637
100242936
80430667
787384494
818828194
848912106
517510629
313056750
64707656
969417870
725129642
601954461
273418618
89934194
977117366
801485508
102690794
744853844
883406737
808928121
226864125
579048427
722324211
226610166
273057831
893436302
834712921
490516384
235607882
681230042
855452584
284599520
781472978
935883251
71984014
452817524
637311709
442010996
765874274
702019366
263945218
343520268
156490179
537363836
433454463
133607545
191365696
388661609
730977741
74772433
50106082
957841867
653820860
772430293
184452033
779395044
518382948
19164954
269911428
753990830
552911348
125364012
38590350
186900678
913763616
963090717
492234554
403591677
257618065
110625181
105611043
521563283
454145449
262101222
911443471
887599912
248225119
102809167
128777873
979202861
30097952
178883955
937044728
683918812
951314249
974013113
315830208
469697197
845694420
585741636
76204379
251122120
563622001
114794730
438022799
329901969
77885447
930257353
733493646
188019864
40882534
691621042
709583147
347544336
953722264
473542970
87660600
54463736
576352137
216438474
33666597
606450089
395322429
823227677
142885253
346636678
797240790
458715462
668850227
495451562
896973450
745054607
746573683
313111803
859849337
37112834
643013772
790251136
967370187
229023771
978271000
860769074
920644813
540370499
60829762
726883429
13913469
148490362
781347165
442781958
364928836
667530114
901748399
760251266
490757791
44633652
106887944
140514934
355865466
628254524
635966496
105355269
373309131
235056531
418467072
85674820
272169365
61480845
728442308
92055905
143020968
559229660
952824979
916182133
99600159
13654741
495581914
966029980
14661455
129445432
261328290
379590292
796975546
15593041
139841558
140249690
60226693
99245854
280764624
268608512
727500378
769247472
373963781
953325861
4304004
792430853
39000681
276473369
706428050
619959341
368529274
701965370
179189001
173870605
618147503
131305512
40041698
113729418
949851844
54703154
95691202
63696486
434293446
892666748
79289527
426651356
32916438
139516221
525897210
166197414
260641085
105913941
935444887
487121218
59239802
939748891
132068423
950756836
68738612
838496474
423232529
289784239
392978196
602421531
463654844
11125700
586243395
356212895
977371470
536095240
410916049
73062672
599791726
697725847
818245772
679081254
124377203
851162211
671113827
502790765
17359625
784271264
608704706
805320864
271392482
520460861
597586107
403460905
323734049
666324720
94473731
746966578
956108959
487451928
201904461
272280155
351093980
788147857
628493050
180981802
176759449
891925451
106560826
629067527
589651298
924806598
160665133
566544853
628485161
831778960
69335619
498361139
468566576
530556677
156198355
739959058
51017538
753784463
995936316
227267939
272625535
90410047
826750870
81250846
430378327
28655331
353531001
633988659
669319540
834540404
814970461
698595341
726465855
774047639
327662869
168633506
551370590
488328002
735178359
32372103
172623315
657030330
530733242
641189891
187587008
686931598
233665302
91120898
293232413
82117970
170905190
565857948
25044369
997656060
647108794
455422697
878827743
639795
89411356
400663636
687696551
756898170
99258977
266678759
383462161
279438198
435312265
934832751
767766201
23006976
967204855
792905868
680037307
350454449
286612111
720140667
37386047
520277413
811261565
183134812
602395383
982166755
748992760
627439753
832339167
396101554
935378802
711166911
249257702
877306510
111830547
936954253
486721032
63605876
56149364
870183194
343044075
491461629
805015945
963326628
366984958
624737152
756232496
47022265
975191602
42844607
619679284
865094001
415638373
283457201
48228814
870550108
118140309
797221574
350506213
950479476
45839481
285885015
514162739
147613535
15707878
478509638
84567788
502428910
542115515
140717153
372612104
737675942
484695134
30144402
701002570
851680092
654881554
309751418
751218709
482589508
205112377
223414345
347683510
473267102
506871547
248428676
343817211
625011856
45650250
694323424
575491332
944006083
832724792
89654072
91619618
848432670
420680062
28703759
350861580
962795577
21937264
575990037
552987871
359148750
606134439
106506793
63345195
113532345
416258211
814563904
596121854
473886941
37978250
796321716
947154043
397366149
44750392
143487606
22378005
942916994
837811031
450385689
886923078
523052175
392556113
831059048
371484845
813236176
859762807
574862777
628548105
734216423
150852814
181535977
93365174
609503605
288042770
156710369
723035951
556817334
823790625
171674157
30704275
714285227
967995873
977858318
111651376
865262617
121345925
134029381
808179611
811673308
436931423
547619041
187241835
829487536
231194442
558726680
642723712
90957249
133589457
123788170
677690025
136958624
305324147
771055199
746462229
445883269
780281920
322014532
2700603
604072545
346205041
33404878
170874125
166717266
863779549
282525501
31979883
837641826
269071235
692675847
501831486
706002658
92811240
689073321
388006546
324005682
100316353
30730259
267479284
86422162
7034781
945169309
75897138
312358928
568740860
822359368
758242197
349022780
996890252
613459153
805611677
343095294
499380383
976485802
509812560
215676284
111527656
394308796
53318110
380598891
86984643
407665948
939117901
179795883
949255621
327124447
503801566
49571974
210371058
771280850
988510489
217405839
568966511
64407627
382281119
137707371
739283347
140523317
339246503
736173600
606498822
144858180
931785246
105879205
121343983
294114158
321555490
85387991
688422954
227389952
465986882
775407597
487572253
257621135
807719833
436827874
584745582
164037751
338916201
647632993
935318601
179943042
865038832
356801464
244350669
99836304
494508835
983634017
92875973
833755338
572323969
699374795
831129870
356625567
805254000
804990205
650739725
979325842
890378196
339162680
59232147
208881430
967086629
546804400
466502565
774806462
983632274
51248148
938844213
175064827
551397493
726679166
355007869
268952677
83480630
451874891
368788981
430505817
288025260
461664954
116777507
860349229
161039749
947907378
69491148
818810102
605413935
720230873
798135944
495792132
59393553
857368091
704673562
878996535
256688843
23692480
506319349
92837470
74940628
297679915
267902297
478854473
24359081
475426519
747807150
960356064
927301410
116596132
243378233
215326670
578261086
212672093
928192251
591817188
13095823
997683399
410627290
618509758
717914272
61279586
114301890
629824178
771164030
671491805
361337065
27852873
695184285
867656414
120690343
622641265
165336329
241108993
101495738
42211763
716535512
701819240
855084179
643836922
818415372
98462412
711679944
249192811
163650857
639872195
841009999
176746680
490071946
104153641
795256439
60502570
17949579
762074681
690326748
789113609
286082838
51663813
816966483
981267123
771836580
790173178
456424740
937172909
31282171
410436830
831901024
747817683
112256071
686985203
244170957
783187795
637963968
955850901
884896958
801614825
448239448
578423309
978361506
938311394
682576950
626134297
998813965
700526530
388208978
541657065
342156491
674291817
445837231
11639326
508075292
70190163
801812505
817016385
7363072
833094676
79969567
691780449
433428712
44741990
231282004
530116021
827929786
869245972
338483275
565343096
523377150
786722723
143766406
354255008
577550470
678859708
980389305
428880787
231902590
221114635
823054204
574059082
747922804
121407787
585698408
108514449
191597950
387510913
925530834
51477375
73121942
5500401
743257824
359067006
50242392
974539828
889183027
730688530
696302153
227666302
296031626
72195655
866905378
292314384
426450663
296972200
971174093
259356320
725852987
203076683
332987307
401423543
777135765
80910112
522831331
215350526
189424561
714429281
602861439
114955395
765906656
528499733
972972148
509164480
887566739
23214540
336220661
776749767
606419422
32522814
856932421
902451049
104718469
723837799
47281785
383685484
20809999
18455878
643041804
599179338
74048914
976029111
602882
851184679
909455575
375950565
66535205
98880136
90379846
521912997
66351883
856286503
50412730
891840384
217967335
790495822
767571276
554187996
419761941
373990699
439227162
276694362
128958100
543945631
853048514
176239885
927631115
726374865
47212116
423189271
178070556
121261030
251734735
31189790
972445709
13706662
407140355
891497267
112586799
497520201
265926616
31455034
206323056
168855698
775811770
276806744
959351520
543383047
830994740
231629813
769890098
122738255
508324176
898848198
666683886
213889042
927604435
446831354
940263907
974816551
722536977
118334463
96077581
974271712
149524253
921039643
987978375
556664608
665053262
953081526
906701162
930979878
837052912
113024218
952351928
465381035
242347314
764219801
8764082
73342055
995849614
631170532
48596662
356690142
382535082
715280548
570579184
310139517
14628254
510843092
137472421
737165232
481693907
233550002
563953296
631218161
7105997
404448023
40399121
672159259
210045901
947100283
455655489
899615166
912640854
408007418
364996201
7504520
24743571
226276635
80846575
20593185
857447167
129443237
377283328
92498601
697240138
947862512
402638118
564384744
311221956
540110539
154066328
792915864
626176894
718019625
276650377
633282891
974984000
169565850
305442151
37546254
116666134
761097640
937161420
881823340
21621410
154673973
889327860
46364981
380950608
822690788
66958167
90914127
804650377
296757847
183412728
354406867
97136711
438567198
918791612
260875020
978677738
72857940
53790884
457370984
643393917
182957613
90653875
470894270
352523463
248612378
508440524
321705949
9710019
445601944
56045641
883847781
600275917
797889854
930212763
833742877
473096994
849687282
924657004
130263723
998961481
960586084
484670591
96098192
399153282
255978555
209489564
230347372
181352847
115796800
687718356
677263117
298754413
630888584
148157387
503794229
879500962
656597911
825500178
741727333
954716207
734062172
625575115
407508476
531952026
408304230
241251353
5049020
110507864
18424709
135312743
109469345
979010793
472499686
58083889
230680427
580994593
120089806
313544152
762347441
235886606
1262508
292126910
534641020
484667444
440284297
38435249
364168407
949398560
716451779
105895740
904114767
303030303
583987207
164139595
834982329
844807789
405390948
692547701
955315653
276332009
680376797
917301350
107859154
5392835
827901592
338539581
586387429
947991398
652083733
201251222
36394356
505862594
493378132
571035376
990530038
786178781
461986977
207214797
735577341
30955109
165626890
492208460
333985412
602130449
656348055
21484094
446938239
914255355
566548147
254770244
190587364
99441296
24587947
298446518
104834132
705005891
489502451
543737913
505513641
141586185
744989135
541907997
499965131
90883619
112943374
343011521
877062400
427446703
402742671
465156093
310918164
568369561
809880905
644903577
23016362
318745312
518904023
469954601
233000667
85452170
577241198
276104383
184893467
601829145
574550901
142243951
159351388
64053352
685981864
664865029
58155889
283487351
206773026
410637372
374370970
172232752
606165246
103949722
452195808
8907917
421622167
763113972
429793830
231503072
260533901
452810192
550248384
779437924
922764794
635765403
864890095
352522344
911869786
902299914
954351489
338937039
44543865
113702877
255506743
730525729
631084258
166178985
14013080
837857284
576816357
240900402
862606389
35497955
197366476
314802197
44405872
618988643
77916169
474199702
850491715
190966423
927009895
253256451
970404347
702291041
889021854
687810794
54813385
653407992
590110708
861681226
992345031
487170925
827900455
247851774
70213006
311501065
414030759
84226086
1874701
843363469
177642840
864481090
878861424
375009316
31799639
923267297
993997959
109715809
249983351
697006026
153198584
29509598
802778829
123602931
584316991
544317035
811413726
491646728
197725027
254040786
205844306
42586410
741211712
33744761
290438185
811424718
197762178
556985296
748167157
199636880
400348765
778326349
64117970
131726542
5852018
95917610
54993839
999849977
58149771
157493542
549372356
211348355
39519493
204667537
187467638
623836484
748984573
998881364
115483213
946709600
105438503
321327519
989296011
699166567
207588633
132250548
363107637
405350811
689235844
111274794
604987691
942100962
742117496
521622014
73827504
747969514
617539624
981337695
600335843
528205747
138831237
2224551
739554102
30867082
206892089
927021740
654703567
955876662
778419457
770186780
755102614
736374312
944030651
596914977
435540879
4135636
729165525
798648516
409486448
270917722
762439663
866990491
65535036
357073511
388612505
139362540
105043025
858668481
120700235
705378868
386874228
112047824
707603420
978944682
142914907
914495509
758482775
650134826
722888523
389418584
272837958
477991137
125792896
216868609
74906115
413850127
221004246
656587992
65014995
483007046
780022066
827454658
349997537
845557102
37044521
591126395
984919642
142087546
449794876
958136229
699982767
689185457
922700406
260102539
668130139
918131665
27114400
279129266
420782843
750002923
668547850
693620801
80510412
794340746
910489410
7932879
60707225
984010008
664520872
125722221
467017054
297059290
953176879
669530944
142616393
990221401
260657339
980052387
984825299
562968567
790704969
684808066
252154024
565921727
944910605
772800516
336569744
972025005
51929782
757352587
574544280
720477633
450973388
655054693
367334731
213979150
662987572
428041957
50505511
180024796
553764178
517522565
477084087
359457409
39569861
619700480
202195162
300227200
452269219
39536814
863195768
242974188
724344880
967866144
808895915
521771838
740666660
145465659
346313195
645112795
755334598
920857476
218106780
58824338
428428521
585441511
272803489
91416093
865999820
323309000
271440890
272280350
693347917
748524977
631737760
732917779
220741809
686449274
33144979
673011028
725986088
748857099
768501569
302847321
569239596
429913836
824619159
162422608
427895848
23448706
807535403
183230446
796822534
25642183
242054785
225251055
463600047
367374626
169183501
329599867
690683626
440624391
601880218
236547895
41665720
86134330
969465674
114923881
772583604
855127006
787934909
351086045
456500457
408952830
653933366
25740053
838866667
331068877
188162662
266762515
354517583
995698065
302509313
3856470
873856601
544564098
229107525
337456648
911938724
398291026
519572867
455138702
691431769
121453085
691686598
733097489
60103767
513668624
848021370
685203724
368795630
488472632
36289769
825296088
897425462
690223135
703552493
588808481
21292012
891715155
855570996
228325947
739929573
10596662
232182417
466302526
555160760
313806295
803759174
319615837
712097321
175848393
627270891
256045443
149817831
171473841
989142932
209921598
685142466
689680655
895125322
53938096
30669639
783931443
731750536
780611453
326670930
287819382
369419935
200479294
32050889
77507283
428805242
771980462
88103945
513504011
90799340
495781058
827310306
894558514
815396895
391923980
70406908
295184138
647969423
72741091
466657980
489628707
282662689
151800446
31825714
30304364
58254894
62495353
814235807
642521783
843106807
140906738
930341165
65043094
193902384
962392054
142550377
622707626
586888869
83170675
136211638
677688209
578951733
816038296
424763076
246864980
207962276
347686336
542049118
855931699
420427427
8707098
198076759
703090116
13023896
229902473
585910832
71278791
292397827
252662992
566316926
988020986
246086082
496658091
53064080
439988466
311566497
48130809
62696093
898455366
983817836
51424083
576143576
415285921
719978731
906652
662150901
927941008
201109340
56716372
636389059
621536767
917939822
834465818
177143235
930963719
64368292
763054068
854758862
209282471
15717060
273592140
49819809
261803142
770250231
102883889
701791608
81816728
3531050
617004053
832788447
839865239
520944488
261448375
255151160
93439572
114871379
769818414
21380580
315980719
826534786
510285991
937517486
596990960
197268162
114660721
380471031
114152806
877714789
87746245
175951629
745948201
361338385
225771438
7751343
131588616
181171679
562059304
65921697
37219081
31579709
751226496
877084320
405040550
12674871
132235481
498480122
127546250
754570247
372377054
443526969
433621385
882663045
233560807
30612345
932447559
348221528
411083377
46600365
78452670
498829622
75068346
824400871
860168008
300839784
684668567
844272976
482011463
99244223
762711025
519230545
130823932
366453873
396314865
388380834
379128744
381066698
886860956
359191346
135636945
259238010
802718315
421774682
994417408
36279122
452387028
926864967
237017003
715986757
825981685
167986025
67332731
901050031
992386896
927500739
54406168
529571815
624290068
536417631
481332390
239517445
55648176
464672675
605971319
304479394
853053509
837616415
685546092
739914466
196807762
673699390
851668828
852042429
95474072
846086236
740837904
400377452
625467556
977854907
116364209
303965593
145840932
36213293
57531976
990744180
963714032
111938144
372832348
440520452
648355776
854164738
532554250
556520304
171353765
138525569
860999698
24407275
828658336
399062143
616838093
25466098
72761533
468506921
730024880
20751957
167109510
470862784
273645762
645093418
301234043
242526323
949059011
299591327
278739616
859107339
142851859
94970001
971045484
368200559
388006805
471917612
74881650
920561055
28437916
246235415
911602976
741953967
270642690
740261313
141016110
887480783
618243763
66293995
208504057
200784995
939562304
228129919
671647779
65724418
873223337
825398174
308250742
674798700
124989501
439506710
533906039
120357713
534476711
357467875
488558272
922483517
681901839
563439922
695560924
562856108
809675338
607163901
304810075
932834380
199941566
298342537
672831516
670701681
364636532
881335573
871486677
156715188
109465492
395650808
222439607
835205181
221048983
530690349
510003881
198554836
970197059
896426272
171428901
357190123
106410500
659987174
132189992
788312339
75943448
827750916
351168447
738135138
287431169
508494874
670969519
339889087
806837411
196317387
10590769
23990295
77652960
882077446
180705484
39634804
130244606
403145091
727356337
351293589
933835440
89876570
402364778
756548851
986302842
573793679
966255326
92713342
86297205
98445318
881025682
162240654
778712587
84710481
900375792
918660108
593205356
423861663
258549196
252559119
620179050
121656317
276549415
550348362
3733763
457254899
442499518
133978369
860399990
22372207
337788311
646751782
112248777
740153089
255816985
98551620
166463120
222072312
43781314
252760326
173033982
924806996
415000980
804262921
862033830
167893124
722923030
307755538
444271140
833988578
560314657
64450190
955644895
836864072
467314905
811895010
294118971
762330775
798389731
7035313
784702983
136178042
653787095
896951760
728847483
909604081
995503380
895310604
131676393
39284695
587282
157226727
816608043
415588262
961489649
531158225
435997738
536929031
838913763
880268878
223433961
399228421
797235421
179078856
88608845
117066678
990973866
382727817
879397453
641879949
389763130
664100436
630574344
43550226
413568549
211938179
805670659
261588281
107248783
789863404
153389328
107836065
947090131
969997372
375940679
761096132
353671949
811938418
150541515
192585713
544723648
373975476
444330486
341959069
405570684
532939331
459025747
249060902
915667148
190939553
890940852
157946631
855039989
521515196
54013209
121124890
733453375
859683868
382713172
693218511
502063624
536102500
653570928
301670107
358616224
882027960
62766240
712288174
546482730
65824107
904873887
91206378
292315936
201720725
285681800
697886620
734660056
744707547
946947523
502843557
935647100
837888375
660790188
643203442
211919923
567319749
764328332
797889650
279519969
147041504
343624513
781583593
535660357
997195442
83253700
894276581
731739754
998536292
606564755
278222484
64360400
363954994
221945214
209192688
565675719
507627014
907079308
152852128
104850914
854026831
655695685
40498014
544431558
169002225
536217808
608867833
736321974
153062493
406757484
15841943
152620349
750381997
797425536
688280706
600093791
733195588
435073640
184349897
731731881
41638395
462572381
648608633
258109742
684517596
857801321
676301813
44660962
617396981
829153941
149511876
323940165
484849626
42526243
868371723
653851851
578744051
329755909
242690177
584322896
736513393
258532120
736943246
339411742
908474008
277740304
792021886
641669597
712813944
976371783
225917830
606968692
291460517
727042815
717594786
975978113
437360488
393896599
20639075
54757469
75566893
22667304
378697634
560416519
65193547
99585710
66784723
643937598
429341619
309474900
80776847
18371364
420523373
817720093
210299458
328997381
947976749
2321344
823183330
513307046
978693128
49101160
120275738
122669997
628660327
690386876
98648110
66020815
84283475
971803537
120778285
12366720
994470841
351992271
572783240
59664388
304094333
492084315
556118339
733435952
801559215
636895186
604323668
74598940
307131631
814623127
403596322
107624732
816944471
79296004
620931778
648153951
128397165
593723868
770823948
609573844
284110744
721988410
675594660
220910572
546308300
648889297
233277292
393295493
853397920
658576884
305476234
157492254
150661199
714110925
743444558
804736767
203522463
347768227
879335707
510654094
14907706
135448381
618278826
831852177
214744386
91726957
332522481
195657903
685450825
955862781
805231747
969561570
530367544
333342759
42988494
76675844
982232056
128782138
322487689
688146329
787359023
480480275
845638583
938020222
194591200
441599493
595273341
398113663
789367720
474609049
761284109
804275426
610057430
232079288
488643956
824801816
323806245
673682789
20459719
9257070
629545570
678207819
831334992
12429466
11550578
874323486
89105310
846298987
3105625
264109352
534445316
642981000
744589627
232600251
433517574
791697180
674199744
28790916
42327195
316083817
355916317
803611305
972875595
965973747
35690593
314035903
643291916
359496838
987718692
516267987
221270260
469780615
46992158
52605253
482210081
58542737
779445091
423831744
904841724
635067068
687941096
291803392
278048068
285047075
376919995
711565643
76744255
51119739
592872911
119071451
219719908
948789228
775199108
45111856
767279327
810889701
359147759
263087595
22902891
346866452
779355583
244173151
816647067
826347741
149294756
151373500
737406830
928739848
575205244
494764906
563806916
115662692
786568298
694371337
400709768
16004645
258453332
329970375
67124385
851326243
301558178
139360645
800115471
76757286
184472501
419911150
740163339
543620261
682998746
615582582
743003065
314870681
859755734
412166484
141218422
9050490
563539984
731141605
790306690
138745229
225906511
206629959
254407921
864991162
901001296
507634041
880995807
159454628
837604417
800636544
10780871
991678947
939997190
663412694
920952586
976986043
83323844
513632277
373122656
618838942
129214860
116125721
933709623
841486946
528292205
927444398
703053788
91832190
658586003
493360479
83093771
737008866
699990438
190018044
602000028
453508086
697652086
335512188
612962714
387772855
136148732
476259937
379451802
928662274
992188983
152920740
905648318
928029179
666553018
131287326
546868122
795767878
247413048
333094097
489771176
628221605
260538495
192824964
572570147
771640850
538701795
655663918
508649717
91208585
845681963
963166097
544716671
395850401
298678285
10195737
783623256
287343370
486455674
15591410
216005644
331161009
168512151
974170314
259190189
835065169
105457641
658574663
483349399
205387041
991668760
973120575
833608646
104723608
18461891
406178794
876364458
557163687
914359064
237530527
648372272
612557379
200696625
193088944
8407780
351891262
203284681
792031036
639234632
542256708
807622447
855240277
873417717
976134598
681926943
132607906
663716119
787384584
643698921
147065518
992771625
635367682
120186093
678896624
740091290
138647984
85075418
468972100
548328023
851950834
706502628
196700296
464508214
907199253
242305592
325432346
111606867
445590273
117463383
750841500
987846981
777602182
458598129
713781051
606253132
140525072
698905309
122485603
780426009
342604231
269551121
625713986
830488265
242253566
304610610
423095907
233417902
242202380
892068007
781745926
94153215
598570635
830962574
411177781
358286240
73268166
736610127
469893108
371374791
706589862
73250960
211738125
336708396
531849089
925519176
795477880
672374161
624424485
917963483
305316522
819545068
40030956
931030509
650033333
282284522
88157471
73129240
368218777
330359852
817713600
2481055
277029419
268800587
833443629
540723552
627086828
906711795
129850031
949496288
130602938
836439894
22747248
342341063
25664642
554596337
267860239
821142523
79486850
744801077
591622358
384803373
564346145
631653315
168350234
66895831
913937837
256507705
992541423
134672966
586867557
810255023
137154021
716413328
79055611
970597650
257136880
558658791
729825797
386986912
360671431
860428736
75943158
383418679
202769799
101607800
790531368
323146391
775266675
870018218
67947468
219405386
107337943
484809965
851058701
275688177
551705796
617512890
532195883
396763572
752185857
971579792
59534947
889339878
687993121
138590558
859937529
797646353
549765701
442279678
37149617
910437132
302708414
113092775
146372163
357994566
67216928
936903531
681140957
694999955
659438102
749088425
914405341
619292397
86414742
765464042
894980575
638120539
235493285
279692810
34884111
987679142
103788954
94419058
877019020
791782075
85525969
589472901
441944781
487808022
31752580
479094398
250761507
186977346
592187174
249650022
544971912
511920454
39069906
78629221
206920409
698508008
827717646
121325751
170316757
914132389
739306145
65297332
404769280
974799430
197506494
292169743
814994924
301295449
239105153
544530297
945593876
177147474
134003198
387538657
517471849
18272130
866633056
768233356
57765829
311336582
17883378
455254093
823257036
56953284
533883315
882693797
607977644
214117313
856535900
778294402
128249702
448358398
696108086
385535334
275674180
746130933
530221429
90669105
47426382
769326583
635199402
845536610
798990409
621718952
85591620
316462258
492507435
952224676
937211966
402789616
116077610
807611697
858043709
791850998
717081333
391927024
674544795
177575330
606044338
383597048
955869732
586810392
831955446
504494170
824862079
107629626
103141455
355083508
50815083
3084189
976926443
686014485
848620800
775916853
160249790
934212420
944895463
505273577
738953448
882107430
908063193
855031058
542235479
766106902
499398408
259316812
10550279
26459555
436892142
469110969
410056603
245278226
55921361
242012049
602288749
733299792
202158028
705430204
88383301
252973111
708514394
917826096
938987597
557135194
546259301
951753739
343863966
491154765
457027316
82817414
225778547
217606861
790364824
768014026
983713763
289763232
879847190
846780394
316222787
169255685
315891363
726279391
414533911
224329077
820807792
16822660
957628869
22965820
574769217
898528522
275938932
283283611
668870971
67442881
692935157
215130272
19196620
36799123
558801389
328740288
119616537
784579936
546347149
762497713
405110314
382577264
52260945
137473857
81874011
221000084
306729542
397765374
799795827
721263453
474610803
620603620
590602466
284756025
496085792
17888035
35800899
772024724
301171646
704671870
691983957
994106803
919802143
563696929
883422278
331119884
892437217
855555167
115699821
291300718
618052880
373326487
526394335
522830177
510800344
608268346
596346613
817529886
6033720
396142441
391309692
333160876
869262413
834428510
617916901
365348205
852316545
653717800
989889282
6004543
358389671
681873239
111346
130708166
98086521
736049976
461828050
990523738
591605143
430044223
134340809
62174375
655887063
660735144
437520904
19203759
121519842
33867517
836733646
127553562
282526310
80559690
313230790
151788723
914988200
931147691
369653281
619821097
584865492
359542563
625825640
795771515
893932154
478453338
926479681
992018675
214503314
240824083
835058766
658624809
523384659
969399575
720799184
179271722
482651071
10836440
198475481
604170913
44703957
887725479
584240827
327230268
968285169
897471618
331535343
735789721
681135661
701188624
208127170
118517505
60731187
833952810
914289020
807179694
312406148
693285053
799198369
379425814
934109137
486773487
38050623
310010148
308689414
611366159
489281870
791340485
622202599
540273703
248027750
666906557
427999183
684784930
846653177
248800704
434772900
178188520
837106778
115908561
879377145
45233948
234426067
792624684
879186759
1231439
452320730
44109259
694516493
104035452
423535074
481141982
590808939
314102049
791152130
899498354
925468209
132950352
543355191
547670808
673224055
791382942
67093717
101223238
328684224
913746894
202540295
763457124
944451767
39647073
879365685
676345264
937397373
966308104
321486300
669100484
967539544
773807031
713209744
662056037
877842483
989261170
143198019
468651422
303363219
786866501
220666128
81347780
919816853
764021320
629018589
593040908
407920614
548628658
546780499
736604838
314891905
601837146
500061962
259343672
494000571
231943999
935688936
431397944
50768456
109691588
100498429
18308000
883498619
666224525
532880389
761341102
508002047
528594760
82508877
811365266
315461261
303175005
892713047
87794466
67196325
374247988
680835374
327633291
922876646
80132225
64238129
90284903
681969371
416816443
349628575
28486294
648760443
137833863
459884239
699528899
247525452
412899020
570353251
131024071
931639897
103233640
744881526
439641944
631828400
679906755
103523562
799806013
983081760
848752961
887600479
902794438
75517301
420952205
82944081
998393948
501084431
147182211
88678851
35570154
563998654
290823779
64056449
65275449
281173994
376457040
617320700
528699446
789356060
187673951
512239870
573512309
143423943
109637748
13154253
775252343
789544503
969194167
427574708
625142615
817947129
315175187
380453405
893464430
736127393
463397487
744374730
89728176
463096050
685569934
125298330
27094704
828910065
41871131
944886506
110084059
418328171
562207206
491299858
60200583
602397510
3539728
633712892
745821453
965693828
499383497
373590149
607754683
321094017
801164857
85413650
139041146
116340045
465867056
885021928
704983790
781780895
481913011
647228318
244876945
19999297
625043000
124488001
848909362
666914132
69374507
811509773
937758655
484098066
302809631
997959239
86495576
158865711
484188483
684833381
124559539
836088333
58423530
584830574
157182350
859588388
670244225
148739848
828444785
136111281
886278128
385944927
770408528
220707491
33173245
15285473
240706788
510732597
992289826
942132502
30163081
914180686
753642276
967921737
250795104
908968259
818397328
189807032
67833971
155102163
874640413
44909862
991190496
933063944
482256789
889198
645168684
152501014
149629046
326129821
141128647
35907175
564591100
911537175
109131018
450280697
779339000
349837807
961013294
624145178
144486661
991176376
538325864
898128937
959098113
789120968
659613549
630011793
978928000
579963872
785113956
706084766
477390086
776304453
491665062
959646875
777193651
136833746
112147889
779339050
315479919
105792888
667762577
880071019
869846415
776893595
182868068
501701767
126731402
143881362
125846946
123734416
135057738
516689162
21863353
946672203
158326483
533993254
429200348
137254483
113957126
214314305
695855601
591347213
843135110
187520663
403510440
472845113
176870761
368174682
252184163
344867032
473967570
919946740
77454403
196330338
549356688
260322471
698032105
528604442
404203834
823879051
652338858
391777924
193084566
526718564
190966480
351411049
60711818
620166828
341181884
27185297
686997485
37037486
618532510
530132595
77074501
22042950
2977709
253945263
242733984
107678224
598812295
716701555
880141317
676266699
913031893
429498005
936589170
463580350
958102447
193309356
139975754
462957658
437603633
333060320
989676222
628570113
684471369
50388040
101253293
25653253
77573337
788250779
62690739
548622199
170899726
139765241
423181502
26393787
246226856
665915486
134072012
697555503
235133393
866729681
226338554
681638
148744038
15444077
464261989
106846485
208753433
604237743
422320495
646357066
937298063
411996717
127443531
474285784
314901110
81213177
499939037
244990799
869463956
415146129
646129351
892880034
407427722
69310853
919273822
506170930
587742691
905862186
203726433
675392437
625108219
430064988
676074075
773852257
445509065
992852416
733215094
506778850
449606511
155535590
5652269
239420926
420048659
133095800
713706710
734949769
214308977
66162100
832456921
936289285
481308229
478586272
829169320
741252303
400413477
600959494
247423233
840672520
359338032
303666018
516064957
984446251
733731006
44655385
610814860
31756423
37507801
344029954
538535274
339630665
352081896
544187543
579051591
772130556
529799695
292758302
359596677
744108673
358920402
192053598
532914310
692744983
523156222
214599982
433997286
923569699
815559476
533936871
616758572
27413860
837602889
132823529
864376463
423850248
29995266
475191323
455606671
920019420
671737630
846658297
259650085
23819526
243362192
838701676
795950082
773161888
983976330
8063112
369786913
195413084
200116710
902701223
888158067
723272933
117301206
174671705
499358984
785377034
708608576
116117556
812790895
546211466
101457438
529683710
970061714
983969056
4875034
278184737
903988476
529129016
124843035
16154913
552948542
220721579
707372942
201414977
993883467
691349272
209478089
363670380
886762357
262111151
118887956
627436776
985384084
236189162
802108482
337259421
21566196
510717058
305893329
686873443
909444876
259867119
69073506
732022942
96352528
73948540
10207680
341004
455593908
987567067
869012270
8542450
60804998
576385212
62473779
54688466
120250836
124468220
270875198
859529545
386579372
389763154
486966322
224479808
625952316
141591156
561739229
500034865
652308214
720148911
39424660
414269443
980016030
108498166
146292385
76368558
34963058
9016417
929225915
490556966
849099836
650754537
351615769
909904835
79656101
266605900
964593301
199906937
391074121
87984851
59436483
777653493
477748006
398919157
2133301
103700322
540510313
416388883
456251539
45334879
136537794
348192552
459604322
969070176
456690718
458413060
897955087
344170129
467429477
679697354
834727095
169045666
330451891
38859216
78950501
410107992
305465117
896060154
462531281
696539238
984045005
374484116
326709083
461793011
773403273
328842384
418009686
166429938
745231267
726777577
64281170
734285413
74970129
523885492
703355590
384177200
982298552
453827029
728347329
302244382
133524383
415590776
471290048
316492626
454449993
402756901
726600618
612431462
298817055
41648251
161487052
135378412
416132368
488196135
597171424
42051993
817038519
867697462
208481932
414786139
594475039
272763102
1587904
521961521
649164946
704943494
906138721
483979851
11286875
634486050
786224233
144811258
50076826
110030633
461303884
357043171
512787534
40420854
969474633
664120941
82069106
130961685
799499353
498201474
471674172
249187129
540253467
141229044
116884591
601251751
556015183
563875983
874014853
557603087
85837504
375696152
115062934
991976225
859676003
126349809
478978627
498416588
123677420
381571805
608447221
584981304
591131329
973751107
477918511
413122314
637872048
559987617
396600352
289887753
910705443
868274524
539074883
303475262
9503568
655959474
904727014
418035103
72351809
631258219
975638191
158189313
6954371
943217477
2681890
866630374
69567286
334176869
217563314
45761058
715748675
826010535
630742363
159396356
652277994
108660874
572518670
142666394
521164843
969119022
432554148
284386638
837393547
971629031
587861900
699413467
480104857
492588914
117448571
552456667
123847134
945603114
710645980
983317857
888820591
565844223
702464584
810904229
900021092
920027898
856665288
468286119
598554786
339924003
627682475
250832780
301101229
200201146
393499175
674782424
21836520
826053323
959169062
859230067
650198706
547030962
411159887
130303563
892136229
528608458
682760230
868499715
326727924
245922563
851817572
68064867
811766786
406798508
878969096
564304230
326826407
588150736
32590350
925381193
780591091
660272825
28730325
81692320
712990323
274745852
608991096
734826844
100799175
568160158
446573263
603514233
967707473
857733150
733817797
859843702
238857960
269094379
580859769
565585884
367533294
285193693
633650751
31816432
691992202
365136200
596120663
18818609
953286936
628711013
796716154
586394380
141500190
677962831
520603052
854490514
952708684
129594149
441833710
906024211
550270659
888406973
509538445
517978132
746140124
95872594
230338186
984998084
217483325
811197955
403100321
585016620
96391649
36751072
616833052
640900203
401887272
212953715
512235164
207690561
694181080
161467670
794084941
835681271
839430501
167204345
542688137
792139185
296798494
984521847
550679749
847069154
725445172
60218194
217563638
324101648
8607140
300418177
161616085
226090465
111616132
564716406
811107085
60524133
601467478
280456490
553940688
855871103
493410205
66175852
63561664
40107638
227643522
710162957
875788909
67074024
877367302
270993398
711729561
26682149
108031597
114925662
726267655
833476769
27660208
943831293
10094770
36267348
96765822
171710855
114874166
60898307
736427261
925981251
121422440
190411091
58954093
527879481
46282194
552364299
594055333
962360210
592471937
674215208
525039519
320777198
593805584
254923174
444286948
158051497
281605323
552318545
272977160
7872978
238311666
300637368
804220623
248406436
336904717
900986446
420117291
451778883
961884753
9060904
230276486
935823545
199471996
289230580
316219378
245754190
694111231
910274712
60630753
139099520
437006272
585670272
459876718
30811856
840593446
904163666
188863353
122198769
308998563
461840513
982588099
399826581
762477882
639325075
648233018
951898951
392827873
920866661
256194186
207228978
929927566
486470672
995568875
129399562
628217604
311788254
227670104
322328835
74579318
288300857
461428355
511585590
873971130
773821425
394913798
714564576
530501443
583777151
689279698
839500006
898134017
524384149
91842940
513128251
16225576
740075958
465027202
261569801
513458971
721221388
468798779
443386537
60208412
316884007
425302451
688426017
628672261
652972556
863271204
555767931
941273413
177215912
67353521
815244543
951037337
314783671
382325472
481538781
898560822
924121522
173555139
649211191
301022023
265398079
162339442
317247600
857990389
479882996
578817401
371449361
53620736
900132533
667352250
113829149
217016540
92654702
654771518
698205153
745627258
518042722
253973084
539417023
695258634
173842957
207177919
498812324
488626628
589503391
980351105
239703802
366141265
6422596
888914994
667163288
124337028
903770788
984410888
982327417
383653785
415744642
206293130
437274521
168393527
873645381
403620022
385410067
966300083
58391540
83615220
564443693
428950615
190104656
103860716
124209249
216463965
163554987
475537925
705090593
753058378
308405382
797310747
119199643
314827979
538742093
638879284
439165007
442512882
475806524
274008776
678683019
891551166
480301907
115957540
59944693
353947288
372093915
297871112
172763723
430485455
234002684
589723768
859436070
276623692
546100836
836161672
493087657
709655824
164215949
50694602
315230554
472621332
848005350
286946550
787449311
386747443
925825834
79130670
681776677
401632358
353139446
360459696
145699877
833441353
328933589
58160922
39904993
701027504
208548387
65185068
984029311
442551071
654908836
695981734
719174764
201009673
384659758
64778773
910665497
548875707
115473376
78412403
21497039
963478726
365358953
661462702
202742521
291184787
740593372
884519199
545333498
946249171
97495247
691033375
632206876
426428836
601710649
672111870
979972692
810259036
737296938
964002004
105326460
244722127
512500090
824501224
445731800
897159848
889279997
208913649
446035555
4753373
287326052
320048947
820748451
652685006
981511649
23490973
796386145
574621374
908010172
341719643
520870545
5505419
885269370
5593773
284450608
486980020
677705643
116939652
149755408
267518934
80941656
255081868
512241061
445958098
79583092
810489213
343117946
821379442
19402862
641669854
678649167
159245266
961718801
351913971
664446624
943230450
375404944
460832770
370368176
135931468
655068765
891238721
993953239
540338136
896832495
130920199
879834508
427054490
247859852
29589916
547089776
181317860
284671785
59330837
627275959
216771229
722336402
970393905
890667023
594255616
464580111
421832543
753500883
426298912
773746514
270463859
222045715
1667810
731296629
592413891
137599278
238881747
336168965
131552517
779219883
85517812
114989069
511570743
365088654
362848921
541160659
912178431
544166781
678348796
824025620
171442740
895120026
546362023
994352998
638303401
140617639
458933109
60135944
746634874
737748374
833882458
17098734
959794089
835550268
600911715
404724332
825665898
839793462
593409649
809734768
471529697
678927461
924723837
983100440
44016116
287572758
376777452
808710899
831739539
55126248
632736519
855698632
802762626
31614894
850051630
293582380
24748886
161501091
353718324
623900112
899249465
40117135
493515198
711559906
728183755
94426914
968800591
553849654
786736728
562210240
216100774
110782778
93654054
140824611
946399570
990186522
280913721
175693374
798897421
112653260
83335975
284150292
820868244
886098601
168281539
523436226
32197333
193030425
684937318
385915658
816930537
436703135
278549145
162962088
779394
6732900
109905354
969579985
413098906
896642082
384306577
629199680
859941212
330476983
770024291
806340783
320663505
50938012
982034157
972077278
16107625
65370132
108743923
689492221
803985086
277025462
212928448
836182419
470055887
750382118
74614429
139502776
39601605
353163574
302464864
40380999
212412827
412370218
862477336
625511733
161528653
99300266
254711414
21469865
429777249
877252057
680327000
750440755
780706422
514877510
575034385
649330399
432763994
683778308
338822620
89265432
960803770
404267420
777964204
283376009
154649538
852578633
422878786
194251144
58258560
577860002
87148495
270671387
990230221
949625832
896183120
4275226
48926098
3410886
878261443
478703347
880662944
411104796
81660454
513885718
925982306
656694840
163216117
211262652
192989500
354555089
153044437
153793271
758822510
931008641
437169280
913472048
636103626
712564418
960239544
694362186
290424421
47388040
817549925
133170994
997013872
566249398
137446220
898456322
