1000
147301
1126691
1236586
1298354
2053461
2595070
3341924
3439325
4283225
4733949
6470452
7133953
7672736
8128158
9079906
9425593
9648694
9818441
11259146
11439703
12696891
13944337
14107031
14396857
14856912
15084292
16928812
17513536
17544008
17993975
18392477
18594095
19213727
19489203
19600995
19792853
22287263
22790689
23100805
23188400
23262371
23522273
27632943
27654426
29026588
29446129
30142870
31135528
33574844
34915998
35390793
35507511
36256009
36712849
37404119
39799457
40244829
41044595
41251664
42259952
42292480
42343433
42621132
42821527
44222235
44296551
44405922
44632671
45244136
46158550
46232846
46640947
46777718
46840533
47394365
47600190
47671181
48846027
50179265
51749893
51907668
52874110
53494342
56405673
56619167
57033095
57154800
57264468
59082403
59431283
60231702
60924200
61224839
61691438
62170184
62287598
62736453
63897546
64876914
67798808
67821919
68154998
68216565
68754046
69514919
70465875
74115291
76116503
77174256
78697781
79185310
82128544
82225191
84417522
84554244
86639990
86787291
87572995
87782897
88311564
88424910
88428373
88442816
88922845
90816691
91124822
91643644
92229488
92924135
93492823
94372685
94403820
94902638
94951199
94975974
96012443
96719104
97046009
97993677
100329985
103378954
104110721
104660416
105758549
106309804
107097529
107407875
107621376
109831399
111389570
112244652
112444714
113640576
114567028
115227422
115896441
116420457
118480746
119331324
119793703
120032511
121776407
124992024
125784284
126107501
126119826
126554142
128648847
129128257
130054378
130343839
131388150
131637233
131766409
132353038
133136884
133391348
133484792
133802108
134256206
134933896
135513770
136150536
136340110
137054900
137370016
137722247
137870833
138262685
138876747
140388082
141063452
141546760
142421293
142970345
145273488
145344659
146239435
146725867
146791150
146874483
147141602
148137184
149409965
149607874
151513669
152142909
156359046
158995821
160591871
162068362
162975357
163519486
163953146
165570427
167230908
168216784
168742540
170176282
170847431
171762432
173998311
174402177
174769996
174791353
175478981
175682366
176186869
176382616
176429946
176597528
176832773
177423455
178594399
178817151
178852506
179031599
179832436
179953337
180498159
180672304
182779565
183562424
184665515
185174765
186950255
187576033
188192494
188630944
189250018
191986221
192314697
194717173
195529216
199782691
202318711
206324654
209752333
211195201
213597155
214026582
214265756
215153041
215883511
218844685
220967011
221666555
221758213
222065436
222252475
222641837
223891852
224047367
225217155
225616713
226442792
226731596
227011473
228506637
229557284
229586445
229607565
230482020
230780193
230956042
231211609
232921640
233440104
233801401
234816207
235045614
236689775
236709234
237119294
238101319
238141152
239230984
239895203
240015089
240351312
240355896
240739255
240746642
244719857
244881464
248385513
248956276
249036891
249126543
250679844
250771432
250968584
251158305
252426473
253039589
253259972
253779367
254099634
254704028
254800789
256785997
256797147
257706259
258480100
260489762
261763441
264959077
265957032
267309572
268120529
268829409
269730957
269970481
271311543
272199312
273966236
274059272
274777518
275164556
275809402
281608026
282433732
282802032
285577677
288935367
289693147
292534989
293777998
293931676
295987766
296010783
296551567
296596300
296679387
296958577
298056267
302303565
302543238
303820701
305895280
306149646
306278929
306391012
306612287
310983917
313278517
313954414
315147628
315982411
319215242
322145901
323100547
323665657
327611330
328320499
328342742
328702614
328783385
330207090
330822525
331137879
331670187
333254353
333618965
334359085
334553424
336368339
336473264
337121225
337315027
337330880
339357342
339438577
339589608
339650652
339812478
342877902
343189440
344551541
346734039
347024971
349394976
349597038
349993606
351225761
354308326
354409855
354603717
354977015
355301537
358464675
359196067
359659316
359743769
360365408
360432392
361783134
362175285
362720099
364682156
364721880
365270911
365894076
367764265
368192824
372211882
374740385
374863594
375102217
377319596
378273588
380365181
381502145
382220814
382816870
385130373
385226027
385342993
385758176
385985019
386075594
386915450
388474946
388832684
389056929
390105615
391039193
391092060
392928703
394490252
395141287
395457937
396372245
398579513
399539554
401481445
401846840
403605877
404690814
406358544
407343959
410164012
410788478
412440747
413283689
413388464
414343738
414349624
415164892
417885489
418573433
418807302
419746670
419968426
422278130
422680904
425427251
428808251
429097486
429359797
430762055
431040433
433822720
434578516
434707714
435880088
436068414
436115525
439121198
443231586
444631258
449432910
449622768
451227113
451897516
451987441
453042663
453309358
454781682
456930797
459048834
460262462
460371215
461084003
464700867
465496596
467584969
468124099
468166558
469212281
471199832
471265742
471422441
472684639
474274704
475879598
476634309
476664875
477309410
479546056
480420794
481531157
482138610
482188276
482728054
483884183
485208163
486962300
490690774
493198627
495737293
496535468
497253363
498289317
498688297
500818693
501896989
502150597
503482373
504457774
504679769
504854280
505007128
505197753
505226513
505886286
506250327
508011025
508911067
509479464
510363466
512651040
513342613
513484415
513551171
516575795
516795089
518426304
518895794
520148811
527484255
529820160
530631019
531077271
533290402
533307612
536975895
540888916
540980777
541272393
544492331
545269916
546376946
546530778
547152559
547847645
548267829
548871459
550024329
550174263
550577444
550779021
551020117
553349626
553536520
554100779
554293057
554886222
555435579
557091732
559322377
561656311
561668609
562532660
562893118
562927482
564294445
565103941
565974308
566300521
566348154
566768691
567837077
568618424
570016831
573488366
573626189
576229908
576466113
576638193
577167001
577556773
577714273
578622553
582106463
583687111
584371883
585429099
586394040
587094947
588331338
588363469
588741641
591099448
591216436
594495861
599009253
599416886
599474875
599935322
601341988
601462610
601833814
603515849
604389556
605435684
605469683
608410405
608658424
609404506
610181167
611112236
613916536
614450211
615949823
616737696
618650266
619753281
623130272
623776624
629008698
630195653
630844871
633436984
634583564
635752589
637278926
637794100
638230534
639961597
640118888
640730709
641808618
643697357
646503030
647198928
647537029
648467731
650797875
652116554
653209393
653354313
654323730
655090380
656358850
658237216
659025408
659207516
659310541
660488266
660834193
661012961
661608634
661773978
663411670
663593766
668734697
669223491
669424173
669598147
669952155
670017173
672703664
673738827
674650065
678097591
678794850
679004025
679921362
680141993
685620949
685720082
687072813
687990678
688854904
689036660
689803723
690635596
690893228
691335638
691887092
694294161
694416195
694709898
695213986
697036054
698828305
701060448
701330191
703168698
705645632
706313348
707353434
707376726
707712003
708443540
711955940
713779967
714172423
714406557
714518879
715164338
717553439
718717252
722386971
724609368
724742892
725404551
726716946
731876845
733721062
733847861
735124822
737162571
738465510
741441977
741912079
744026084
744037047
744626511
747337973
749206654
750418041
750755562
751524453
751640017
752340873
754003294
755033442
755164845
755258953
755406254
755482033
755706550
757777765
758422334
758935001
759383797
760614307
762026627
763335599
763582400
764191916
764330653
769088479
769534325
770078539
770583326
771309490
773048790
773612421
775057353
776533893
779631799
782478676
784598096
784872432
785882076
786450940
786699298
787982545
789843361
790192374
794842198
795235597
795274234
795410742
797686649
798905343
798912907
798946783
799231853
801360703
801434250
801734772
803745142
804121679
805383360
805805305
807304889
809338311
810898093
811773644
812483334
812505425
813132515
814369101
814430635
814490170
814983389
817955501
821194507
825713034
825749316
826423092
827603246
830416637
831890738
831954623
832270269
832608896
833625647
836251188
836328268
838166713
839428819
840453744
840663187
842228821
843362080
844505007
844916890
845153781
846511037
846689499
847177913
848000297
848467690
849332676
850228652
852591170
854545213
855979258
855989135
856185245
857236103
857416341
857468821
857935158
858087193
858229091
858546446
859233291
860738608
860777028
862808360
863603150
864117090
865563162
866103724
866865371
866909388
867069854
867203407
868016170
872096467
875660773
876205804
876915512
877047398
877202177
877784695
881029164
881522060
881858246
882216847
883032536
884446474
884785768
884797176
888551130
890937624
891783550
891918785
892139553
893174154
894511112
894815356
894975757
896001647
900097220
903609015
905089908
905639594
906789911
907307455
909607474
910548648
910706771
913163047
913438667
913569852
913732232
913781140
913960021
914274652
914610722
914834087
915445436
915579541
917084383
917474617
918400254
919264018
919498102
919972124
920138584
922485881
922627424
926166049
926390489
926580600
927247274
928958253
929211812
931312263
932194597
932737282
934608679
935533403
938213982
938405193
938823174
939034830
939305649
939589967
939916384
940433459
940611520
942551597
944834009
945333435
946331178
949435832
950171526
950434972
951280495
951691147
952575445
953306768
953986594
954617377
956947270
958413811
960174773
960458732
963506698
964548556
964694869
965233340
966699433
967019978
967923624
968752894
968898349
969344829
969354745
970969570
975012076
976034737
977179555
977608982
980575301
981857815
984080414
984563743
986081362
986286226
986693642
990247298
991792556
992459082
993675777
994572808
994633378
995556567
997595116
998008479
999216392
999677730
