10000
8
12
15
18
21
23
24
25
26
26
28
31
34
44
47
48
61
64
66
68
68
70
71
72
72
73
79
81
82
91
93
97
99
100
102
104
106
108
116
118
119
126
130
133
134
137
148
149
153
154
155
159
161
161
162
167
167
173
183
183
185
188
188
188
192
193
195
195
196
198
203
203
210
215
216
219
225
228
230
232
235
237
239
240
243
251
251
255
255
257
258
266
266
271
282
284
291
298
305
307
314
320
321
325
330
332
333
334
335
341
347
351
358
360
364
368
376
378
378
392
393
395
402
406
410
410
411
414
415
416
416
419
419
420
424
424
426
430
432
433
433
437
439
439
443
447
449
454
455
456
456
456
457
459
460
463
466
467
470
473
474
476
476
479
483
490
490
503
503
504
506
513
521
522
522
522
523
528
529
536
537
539
540
543
543
544
549
553
557
562
565
567
568
568
570
573
581
582
586
589
590
604
607
609
612
613
617
628
629
637
639
645
649
651
656
660
661
662
663
666
671
671
672
675
677
681
687
687
687
697
701
701
711
711
718
728
728
737
738
739
740
741
743
747
747
748
749
762
765
771
772
773
776
777
782
783
783
785
789
790
792
800
803
806
808
810
812
812
814
815
820
824
827
828
833
839
839
841
842
847
853
857
859
860
871
874
877
879
883
884
886
886
892
897
902
908
931
932
933
933
933
940
940
941
943
944
947
949
949
953
955
957
958
961
967
974
981
986
990
992
994
995
998
1001
1003
1004
1007
1010
1014
1015
1015
1016
1018
1022
1026
1027
1032
1036
1041
1052
1056
1059
1063
1069
1071
1071
1074
1082
1084
1095
1096
1098
1105
1108
1117
1118
1122
1126
1127
1142
1142
1142
1145
1145
1148
1151
1152
1154
1158
1165
1171
1172
1174
1179
1183
1186
1186
1191
1193
1196
1200
1204
1206
1216
1220
1222
1226
1232
1234
1237
1245
1252
1255
1257
1264
1267
1267
1279
1281
1283
1286
1287
1288
1290
1296
1296
1307
1308
1311
1316
1318
1318
1319
1320
1320
1323
1325
1325
1327
1328
1330
1331
1333
1337
1346
1348
1349
1359
1360
1363
1365
1366
1373
1373
1377
1382
1383
1384
1387
1388
1390
1392
1395
1399
1402
1403
1408
1410
1420
1422
1424
1426
1427
1434
1434
1435
1443
1446
1448
1462
1463
1471
1483
1488
1488
1489
1493
1495
1496
1501
1506
1507
1509
1510
1513
1515
1518
1519
1520
1522
1525
1526
1533
1537
1545
1545
1545
1546
1557
1561
1563
1565
1574
1584
1585
1586
1589
1594
1598
1600
1605
1606
1610
1611
1611
1618
1619
1621
1622
1624
1628
1631
1634
1644
1644
1656
1657
1657
1657
1663
1663
1665
1665
1665
1669
1673
1674
1675
1677
1680
1680
1681
1682
1693
1696
1707
1707
1711
1711
1713
1713
1714
1716
1717
1717
1721
1727
1731
1736
1744
1748
1748
1753
1758
1760
1763
1766
1771
1771
1772
1775
1781
1793
1793
1795
1796
1797
1797
1800
1800
1818
1824
1825
1827
1839
1844
1845
1849
1850
1853
1854
1863
1864
1864
1864
1865
1865
1865
1870
1886
1888
1890
1897
1898
1898
1901
1908
1909
1910
1912
1912
1915
1915
1924
1926
1930
1932
1932
1939
1941
1943
1948
1948
1950
1950
1951
1957
1959
1968
1969
1974
1979
1983
1985
1986
1987
1988
1989
1992
1994
1997
2001
2002
2008
2011
2020
2022
2025
2031
2031
2032
2033
2034
2042
2047
2048
2052
2057
2058
2068
2070
2070
2078
2079
2079
2080
2083
2086
2090
2092
2097
2101
2108
2110
2111
2112
2120
2121
2121
2129
2130
2132
2135
2135
2136
2146
2147
2149
2152
2154
2156
2157
2162
2171
2174
2184
2185
2187
2188
2192
2195
2196
2197
2197
2199
2202
2205
2219
2228
2234
2238
2241
2246
2250
2252
2260
2264
2267
2269
2278
2278
2286
2286
2292
2294
2295
2296
2311
2315
2317
2319
2319
2320
2326
2337
2343
2344
2351
2356
2358
2360
2360
2366
2371
2372
2376
2380
2381
2381
2383
2386
2387
2389
2391
2393
2395
2396
2397
2399
2405
2406
2406
2406
2407
2417
2418
2420
2425
2426
2426
2427
2429
2429
2430
2437
2440
2440
2441
2445
2446
2450
2451
2452
2455
2462
2462
2465
2469
2471
2478
2481
2481
2483
2485
2486
2486
2486
2486
2487
2489
2494
2496
2502
2502
2504
2505
2505
2509
2510
2513
2514
2514
2515
2519
2522
2525
2532
2533
2540
2542
2551
2552
2559
2567
2569
2570
2579
2579
2580
2591
2594
2595
2596
2597
2603
2607
2609
2609
2611
2612
2616
2617
2618
2620
2623
2629
2641
2649
2652
2652
2656
2661
2666
2673
2679
2682
2690
2690
2691
2691
2698
2700
2701
2703
2706
2709
2712
2720
2722
2728
2731
2740
2742
2743
2744
2745
2753
2762
2763
2764
2766
2770
2777
2779
2783
2784
2786
2786
2798
2799
2803
2804
2808
2808
2811
2814
2817
2821
2825
2831
2833
2839
2846
2849
2849
2853
2853
2855
2855
2860
2861
2861
2867
2875
2876
2883
2883
2889
2897
2899
2908
2915
2919
2923
2924
2926
2928
2933
2934
2940
2942
2947
2950
2952
2958
2959
2959
2961
2967
2975
2978
2993
3000
3001
3005
3005
3010
3027
3030
3035
3036
3037
3038
3039
3049
3051
3052
3058
3061
3070
3070
3072
3077
3077
3078
3083
3086
3091
3093
3093
3094
3095
3095
3096
3097
3102
3107
3109
3114
3114
3121
3123
3125
3126
3128
3132
3134
3136
3140
3143
3143
3143
3144
3144
3154
3156
3156
3158
3159
3165
3165
3167
3168
3170
3171
3174
3174
3175
3176
3178
3178
3185
3191
3193
3201
3217
3221
3224
3226
3230
3231
3239
3240
3240
3248
3248
3250
3258
3265
3266
3270
3271
3272
3272
3279
3284
3287
3289
3294
3295
3297
3298
3313
3317
3318
3320
3321
3325
3325
3326
3336
3336
3337
3339
3341
3344
3350
3352
3352
3367
3367
3367
3371
3371
3373
3374
3383
3384
3387
3388
3390
3394
3397
3400
3402
3405
3407
3415
3417
3421
3422
3430
3435
3435
3436
3440
3441
3447
3447
3451
3454
3454
3457
3460
3466
3472
3474
3478
3494
3500
3509
3513
3513
3514
3516
3522
3522
3525
3536
3544
3546
3552
3555
3560
3561
3564
3570
3571
3572
3573
3575
3576
3583
3593
3594
3594
3601
3606
3608
3609
3609
3612
3614
3619
3619
3623
3632
3639
3640
3644
3644
3649
3652
3656
3665
3666
3670
3671
3674
3674
3677
3677
3678
3687
3688
3691
3695
3698
3701
3703
3705
3705
3707
3708
3709
3711
3711
3713
3714
3716
3719
3719
3720
3721
3722
3722
3726
3730
3732
3740
3742
3745
3746
3746
3747
3752
3756
3765
3766
3766
3769
3771
3773
3781
3781
3781
3782
3782
3786
3796
3798
3798
3799
3813
3814
3816
3823
3828
3830
3830
3837
3840
3843
3845
3851
3870
3872
3876
3896
3898
3899
3901
3901
3904
3904
3908
3909
3910
3913
3913
3914
3916
3918
3920
3920
3929
3930
3949
3949
3949
3953
3960
3960
3960
3961
3963
3963
3964
3964
3966
3968
3972
3973
3973
3975
3976
3976
3980
3981
3984
3988
3989
3992
3996
3998
4002
4003
4008
4009
4011
4016
4016
4018
4019
4020
4039
4043
4050
4057
4059
4060
4064
4073
4074
4103
4107
4108
4112
4114
4115
4117
4126
4137
4137
4143
4147
4148
4149
4154
4154
4160
4162
4162
4164
4164
4168
4174
4175
4178
4183
4185
4196
4204
4212
4219
4221
4223
4225
4237
4240
4240
4243
4250
4251
4258
4263
4267
4276
4276
4281
4282
4286
4287
4287
4289
4299
4302
4329
4331
4331
4336
4338
4341
4343
4343
4346
4347
4349
4349
4351
4354
4355
4357
4361
4361
4362
4371
4376
4377
4388
4396
4399
4403
4406
4409
4416
4419
4422
4430
4433
4433
4434
4435
4440
4441
4445
4447
4450
4457
4457
4461
4480
4481
4485
4495
4496
4496
4504
4504
4506
4519
4519
4520
4523
4527
4532
4532
4535
4537
4537
4537
4539
4542
4543
4545
4551
4552
4556
4565
4566
4576
4576
4578
4581
4581
4585
4585
4586
4591
4594
4595
4597
4600
4601
4602
4603
4617
4627
4629
4640
4645
4647
4650
4650
4652
4654
4655
4656
4660
4661
4662
4666
4667
4678
4678
4679
4694
4694
4696
4699
4708
4711
4721
4722
4723
4725
4734
4734
4736
4755
4762
4763
4770
4771
4777
4777
4781
4785
4787
4792
4794
4797
4797
4800
4805
4821
4821
4823
4829
4839
4840
4841
4841
4842
4844
4845
4847
4851
4851
4853
4860
4860
4863
4863
4865
4871
4873
4873
4881
4881
4884
4887
4894
4894
4895
4896
4896
4899
4905
4908
4908
4913
4915
4916
4918
4920
4931
4935
4937
4937
4942
4947
4950
4951
4952
4954
4958
4964
4964
4966
4968
4980
4981
4987
4988
4989
4990
4990
4993
4996
4999
5000
5006
5011
5013
5015
5016
5018
5023
5024
5026
5034
5035
5042
5043
5047
5049
5049
5055
5057
5066
5068
5069
5076
5081
5097
5098
5110
5110
5112
5113
5113
5117
5121
5122
5126
5126
5140
5142
5148
5153
5154
5163
5163
5163
5165
5166
5167
5173
5174
5176
5176
5178
5180
5180
5180
5185
5185
5188
5193
5197
5197
5202
5204
5204
5210
5216
5219
5220
5226
5227
5232
5250
5255
5264
5268
5269
5270
5274
5275
5279
5281
5281
5283
5287
5290
5292
5293
5294
5295
5305
5305
5308
5309
5310
5316
5332
5343
5344
5345
5346
5356
5359
5362
5367
5369
5369
5371
5374
5375
5380
5381
5385
5391
5391
5391
5404
5406
5413
5420
5422
5423
5431
5435
5440
5444
5444
5444
5447
5449
5450
5462
5465
5467
5468
5474
5476
5488
5488
5490
5490
5496
5499
5510
5512
5513
5514
5517
5522
5522
5522
5523
5526
5527
5527
5534
5534
5536
5536
5547
5549
5549
5550
5554
5559
5564
5565
5568
5569
5573
5576
5578
5586
5588
5589
5590
5591
5592
5597
5604
5605
5607
5610
5612
5614
5617
5617
5619
5620
5650
5653
5657
5658
5660
5660
5663
5664
5665
5668
5670
5672
5673
5676
5682
5690
5698
5701
5705
5709
5711
5718
5718
5719
5722
5722
5723
5723
5726
5727
5732
5737
5745
5749
5750
5753
5753
5753
5755
5756
5771
5774
5777
5780
5782
5786
5787
5794
5799
5799
5803
5805
5807
5812
5813
5818
5819
5820
5821
5825
5826
5828
5829
5837
5838
5838
5849
5849
5858
5859
5860
5869
5870
5871
5874
5880
5885
5890
5891
5893
5895
5901
5903
5906
5916
5919
5923
5927
5932
5934
5938
5939
5945
5961
5963
5964
5973
5974
5975
5976
5987
5990
5995
5997
6000
6001
6003
6005
6010
6011
6014
6015
6027
6028
6031
6033
6038
6038
6041
6041
6043
6048
6051
6056
6059
6060
6063
6065
6066
6066
6072
6073
6078
6081
6083
6084
6084
6087
6089
6090
6094
6095
6097
6099
6099
6099
6100
6103
6103
6106
6108
6113
6118
6121
6121
6122
6123
6124
6124
6126
6128
6131
6133
6133
6140
6142
6147
6149
6149
6151
6157
6158
6158
6165
6165
6167
6181
6182
6183
6185
6188
6195
6196
6197
6197
6200
6200
6203
6205
6207
6211
6216
6219
6219
6227
6229
6231
6233
6233
6233
6236
6237
6249
6251
6253
6255
6260
6262
6263
6265
6268
6271
6271
6276
6278
6280
6281
6282
6282
6283
6286
6288
6289
6292
6293
6294
6304
6307
6310
6315
6317
6317
6322
6323
6325
6343
6343
6344
6345
6346
6348
6349
6358
6361
6361
6366
6371
6372
6373
6377
6382
6382
6382
6388
6392
6395
6398
6405
6406
6407
6409
6410
6414
6415
6415
6416
6420
6421
6421
6422
6424
6426
6435
6440
6443
6447
6451
6454
6470
6470
6471
6473
6474
6474
6475
6478
6489
6489
6492
6501
6505
6511
6511
6513
6513
6517
6520
6522
6526
6533
6536
6536
6537
6539
6539
6543
6548
6549
6552
6561
6563
6564
6565
6568
6568
6571
6573
6576
6577
6578
6580
6585
6589
6594
6594
6599
6605
6608
6610
6610
6611
6612
6612
6613
6614
6615
6628
6629
6629
6631
6632
6633
6639
6644
6644
6648
6648
6652
6657
6658
6659
6662
6666
6666
6670
6673
6674
6675
6676
6678
6679
6683
6692
6693
6697
6702
6703
6712
6712
6716
6722
6726
6731
6733
6735
6739
6739
6741
6742
6744
6744
6751
6754
6762
6765
6769
6769
6770
6775
6775
6775
6776
6776
6779
6781
6782
6784
6786
6790
6792
6793
6799
6800
6800
6800
6803
6806
6811
6812
6822
6825
6833
6833
6834
6837
6839
6855
6855
6856
6858
6859
6860
6862
6864
6869
6884
6887
6901
6905
6906
6910
6912
6917
6920
6923
6924
6926
6928
6928
6931
6937
6941
6952
6953
6960
6962
6963
6965
6973
6978
6987
6987
6987
6987
6991
6991
7007
7011
7020
7022
7032
7033
7047
7048
7053
7057
7058
7064
7066
7071
7075
7079
7082
7084
7086
7094
7095
7096
7098
7099
7106
7111
7112
7114
7114
7117
7117
7122
7129
7130
7131
7132
7134
7136
7142
7145
7148
7149
7150
7151
7159
7160
7181
7185
7189
7191
7193
7193
7194
7196
7198
7200
7207
7207
7218
7224
7225
7230
7236
7236
7237
7246
7248
7256
7258
7261
7262
7265
7271
7272
7273
7278
7284
7284
7284
7286
7289
7306
7307
7309
7314
7318
7320
7321
7323
7328
7329
7330
7335
7341
7349
7352
7355
7355
7359
7360
7365
7365
7366
7368
7373
7373
7379
7383
7386
7386
7389
7393
7399
7399
7405
7408
7416
7416
7416
7426
7430
7434
7446
7447
7462
7463
7463
7470
7471
7482
7490
7495
7498
7498
7498
7500
7511
7513
7519
7520
7521
7522
7525
7530
7530
7534
7534
7536
7537
7539
7544
7546
7549
7551
7551
7552
7559
7567
7568
7575
7582
7582
7591
7592
7595
7598
7599
7604
7608
7609
7610
7614
7618
7621
7621
7623
7624
7624
7638
7646
7660
7668
7671
7672
7674
7676
7679
7679
7686
7687
7687
7687
7688
7697
7698
7705
7706
7713
7717
7718
7719
7723
7731
7732
7733
7738
7738
7758
7759
7764
7767
7768
7773
7775
7777
7778
7780
7785
7785
7787
7788
7788
7788
7789
7793
7795
7800
7801
7807
7809
7810
7811
7814
7821
7828
7830
7834
7838
7840
7851
7853
7855
7856
7867
7870
7871
7874
7876
7879
7885
7892
7898
7898
7900
7904
7905
7905
7905
7909
7910
7918
7925
7940
7942
7942
7945
7946
7951
7951
7956
7958
7962
7962
7976
7977
7981
7981
7985
7988
7996
8012
8014
8018
8031
8038
8040
8043
8043
8047
8049
8056
8057
8066
8070
8076
8077
8081
8083
8085
8089
8090
8090
8110
8113
8116
8122
8125
8125
8127
8135
8135
8139
8140
8141
8147
8149
8151
8156
8161
8178
8182
8184
8190
8191
8193
8193
8197
8200
8200
8203
8207
8212
8212
8217
8228
8229
8232
8234
8235
8236
8239
8241
8241
8244
8248
8253
8258
8259
8282
8285
8285
8288
8289
8289
8292
8295
8295
8296
8298
8303
8304
8305
8310
8315
8317
8318
8325
8325
8326
8333
8341
8344
8348
8352
8352
8353
8355
8358
8359
8360
8368
8370
8377
8382
8386
8388
8389
8391
8394
8395
8397
8410
8411
8414
8419
8420
8424
8428
8428
8432
8433
8435
8438
8450
8452
8458
8463
8463
8464
8466
8466
8466
8471
8482
8482
8490
8494
8495
8497
8497
8499
8509
8511
8517
8520
8523
8524
8524
8524
8525
8529
8532
8539
8540
8540
8541
8551
8555
8556
8557
8558
8564
8564
8572
8572
8573
8574
8579
8582
8587
8588
8602
8607
8607
8613
8614
8615
8615
8617
8622
8625
8638
8638
8639
8641
8645
8646
8647
8648
8649
8652
8660
8663
8663
8665
8669
8672
8679
8686
8690
8697
8698
8703
8704
8705
8713
8717
8725
8728
8733
8735
8745
8745
8747
8748
8749
8750
8753
8757
8758
8767
8768
8769
8771
8777
8782
8788
8790
8793
8795
8804
8810
8816
8820
8822
8824
8824
8828
8829
8838
8838
8841
8843
8845
8849
8854
8855
8864
8867
8869
8870
8875
8879
8883
8884
8887
8889
8891
8891
8891
8894
8894
8895
8896
8901
8904
8905
8906
8908
8908
8914
8916
8916
8920
8920
8924
8933
8933
8935
8942
8951
8952
8953
8955
8957
8963
8966
8968
8969
8977
8980
8981
8994
8995
8996
8997
9003
9005
9005
9007
9011
9012
9015
9016
9030
9035
9038
9038
9046
9058
9063
9066
9067
9067
9068
9070
9075
9075
9075
9080
9080
9082
9085
9086
9088
9088
9091
9099
9104
9106
9108
9109
9109
9113
9115
9123
9124
9127
9128
9137
9139
9151
9151
9164
9173
9181
9182
9186
9186
9188
9196
9196
9199
9202
9206
9208
9210
9212
9221
9225
9226
9233
9233
9235
9239
9243
9246
9254
9258
9265
9268
9269
9279
9284
9286
9286
9291
9297
9300
9302
9305
9306
9308
9317
9318
9323
9324
9327
9330
9331
9333
9334
9337
9339
9339
9350
9354
9356
9363
9365
9369
9375
9388
9391
9397
9398
9399
9400
9400
9401
9402
9407
9407
9409
9415
9415
9416
9419
9419
9432
9437
9442
9444
9451
9451
9462
9463
9473
9475
9479
9499
9503
9508
9512
9519
9524
9529
9529
9530
9537
9539
9543
9543
9544
9544
9546
9549
9556
9557
9560
9563
9565
9566
9568
9571
9573
9579
9580
9581
9583
9583
9584
9586
9587
9591
9593
9595
9596
9609
9611
9614
9617
9618
9618
9628
9628
9634
9646
9654
9661
9668
9670
9671
9674
9679
9681
9682
9686
9691
9693
9697
9700
9700
9701
9716
9724
9725
9726
9731
9731
9734
9737
9739
9742
9746
9752
9754
9759
9761
9763
9767
9776
9776
9779
9791
9794
9794
9798
9798
9809
9810
9816
9818
9819
9819
9823
9830
9832
9834
9835
9837
9838
9839
9847
9851
9851
9852
9854
9870
9871
9874
9876
9878
9887
9892
9893
9898
9900
9901
9908
9909
9910
9912
9915
9919
9923
9925
9926
9931
9931
9932
9933
9934
9935
9936
9941
9949
9953
9958
9959
9959
9961
9962
9965
9967
9970
9975
9983
9983
9984
9990
9999
10002
10003
10008
10010
10022
10022
10024
10031
10031
10036
10041
10042
10046
10049
10050
10051
10055
10058
10066
10069
10069
10069
10073
10073
10083
10085
10090
10100
10100
10102
10108
10116
10117
10118
10121
10123
10124
10126
10128
10133
10135
10139
10140
10142
10144
10148
10152
10156
10157
10160
10162
10168
10170
10175
10176
10176
10177
10178
10181
10187
10189
10189
10190
10190
10191
10192
10194
10196
10197
10197
10199
10210
10217
10218
10220
10221
10224
10225
10225
10226
10227
10230
10231
10232
10234
10235
10236
10238
10240
10249
10250
10255
10258
10260
10261
10263
10268
10277
10279
10279
10284
10284
10290
10291
10320
10322
10327
10329
10331
10332
10335
10340
10342
10345
10347
10348
10363
10364
10369
10372
10376
10376
10379
10384
10392
10393
10394
10399
10400
10401
10403
10404
10404
10405
10406
10419
10427
10432
10439
10451
10452
10458
10460
10464
10464
10465
10468
10479
10487
10489
10490
10501
10503
10507
10512
10522
10522
10522
10523
10523
10528
10528
10533
10539
10540
10547
10549
10550
10550
10558
10559
10564
10566
10568
10569
10572
10573
10574
10576
10578
10581
10584
10585
10588
10590
10590
10591
10594
10595
10596
10599
10600
10606
10606
10607
10607
10613
10614
10617
10619
10620
10626
10627
10634
10638
10641
10645
10652
10654
10658
10666
10676
10677
10682
10685
10690
10698
10702
10720
10726
10727
10735
10751
10754
10756
10757
10757
10759
10762
10769
10769
10779
10780
10780
10781
10785
10786
10787
10791
10793
10794
10802
10812
10812
10816
10826
10828
10828
10833
10833
10844
10846
10854
10856
10863
10863
10864
10866
10866
10872
10875
10875
10881
10884
10887
10887
10889
10895
10895
10904
10904
10905
10906
10910
10913
10915
10916
10927
10940
10942
10945
10953
10957
10962
10967
10967
10971
10978
10984
10985
10986
10987
10990
10997
11001
11002
11004
11010
11022
11023
11025
11026
11027
11030
11044
11045
11047
11054
11055
11055
11062
11062
11069
11070
11073
11075
11076
11077
11081
11088
11089
11092
11093
11094
11100
11101
11103
11107
11108
11114
11120
11120
11121
11123
11127
11130
11130
11138
11138
11143
11145
11146
11149
11158
11163
11166
11168
11170
11172
11177
11179
11186
11190
11190
11191
11192
11199
11199
11204
11208
11211
11215
11217
11219
11220
11224
11224
11231
11237
11246
11247
11249
11252
11253
11257
11259
11262
11263
11266
11269
11270
11273
11275
11276
11277
11278
11280
11283
11289
11292
11295
11301
11306
11311
11313
11315
11321
11327
11331
11346
11347
11348
11349
11353
11354
11359
11366
11366
11366
11368
11369
11369
11377
11378
11382
11388
11388
11389
11392
11394
11397
11398
11400
11400
11402
11404
11412
11412
11414
11417
11421
11423
11426
11426
11427
11428
11432
11442
11444
11444
11446
11447
11448
11449
11451
11452
11454
11454
11472
11500
11509
11511
11515
11516
11518
11523
11527
11533
11534
11536
11537
11538
11538
11545
11550
11557
11559
11563
11573
11575
11579
11580
11583
11586
11587
11589
11591
11592
11597
11601
11602
11604
11606
11608
11611
11614
11620
11627
11632
11632
11642
11645
11662
11674
11678
11680
11680
11682
11682
11686
11687
11698
11702
11703
11705
11713
11717
11718
11724
11724
11728
11729
11734
11736
11741
11751
11757
11761
11762
11770
11772
11777
11781
11782
11786
11800
11801
11810
11812
11813
11814
11814
11815
11821
11827
11827
11829
11829
11830
11832
11837
11839
11841
11842
11843
11843
11844
11848
11849
11852
11854
11855
11855
11857
11859
11863
11870
11871
11873
11874
11878
11879
11879
11884
11886
11887
11892
11903
11924
11927
11932
11933
11936
11937
11939
11944
11947
11950
11952
11957
11958
11959
11963
11965
11965
11971
11976
11980
11987
11988
11993
11993
11994
11998
12000
12006
12006
12014
12017
12025
12032
12033
12034
12035
12037
12042
12043
12044
12047
12049
12052
12054
12056
12063
12065
12066
12068
12068
12070
12071
12073
12074
12081
12083
12085
12089
12090
12100
12101
12104
12104
12107
12107
12108
12115
12116
12118
12127
12127
12132
12132
12134
12136
12136
12140
12141
12141
12143
12145
12147
12156
12157
12167
12176
12178
12187
12187
12188
12188
12194
12198
12198
12200
12203
12213
12216
12218
12222
12225
12228
12233
12233
12234
12239
12242
12246
12255
12257
12261
12263
12264
12270
12271
12275
12277
12288
12289
12296
12299
12304
12304
12316
12319
12323
12324
12326
12327
12338
12338
12344
12344
12344
12345
12348
12350
12351
12351
12355
12360
12363
12371
12372
12372
12374
12375
12386
12389
12392
12393
12397
12403
12405
12405
12409
12410
12413
12414
12418
12421
12421
12423
12423
12424
12430
12431
12437
12438
12441
12442
12444
12450
12451
12455
12455
12460
12462
12468
12469
12475
12480
12480
12485
12491
12495
12496
12502
12508
12513
12516
12517
12525
12529
12529
12531
12535
12537
12546
12569
12573
12583
12588
12589
12590
12595
12596
12601
12605
12615
12617
12617
12622
12627
12631
12631
12633
12639
12641
12641
12644
12644
12649
12649
12652
12658
12665
12667
12672
12672
12673
12675
12676
12682
12689
12691
12704
12706
12707
12709
12715
12719
12721
12727
12728
12730
12733
12736
12736
12737
12739
12741
12742
12747
12752
12753
12756
12760
12768
12769
12772
12779
12780
12780
12792
12793
12794
12795
12799
12801
12803
12806
12810
12815
12818
12821
12826
12828
12831
12836
12838
12838
12845
12846
12846
12847
12852
12855
12857
12858
12865
12867
12867
12869
12875
12877
12884
12891
12892
12896
12899
12907
12908
12913
12914
12915
12918
12919
12919
12920
12921
12922
12925
12932
12935
12937
12940
12942
12951
12958
12958
12962
12963
12970
12977
12984
12985
12988
12990
12993
12994
12996
13004
13011
13014
13015
13016
13016
13023
13030
13044
13045
13051
13057
13057
13061
13071
13072
13079
13086
13093
13095
13095
13098
13098
13098
13100
13101
13105
13107
13109
13110
13114
13120
13122
13124
13126
13130
13132
13134
13134
13138
13141
13145
13145
13148
13150
13152
13153
13153
13158
13160
13167
13170
13172
13177
13178
13178
13182
13183
13192
13195
13197
13197
13204
13208
13209
13211
13212
13217
13218
13221
13229
13229
13229
13232
13234
13235
13242
13243
13247
13253
13253
13257
13258
13261
13267
13270
13272
13275
13279
13279
13282
13283
13293
13309
13319
13332
13332
13343
13344
13345
13346
13349
13351
13351
13353
13355
13358
13361
13362
13369
13375
13376
13382
13384
13388
13401
13410
13413
13419
13420
13420
13426
13427
13429
13435
13451
13454
13454
13456
13468
13473
13483
13483
13487
13494
13494
13494
13507
13507
13508
13512
13517
13518
13518
13519
13519
13520
13522
13523
13526
13530
13538
13538
13539
13540
13542
13543
13543
13545
13551
13552
13558
13559
13561
13563
13567
13570
13577
13592
13599
13601
13606
13610
13611
13617
13617
13620
13621
13622
13622
13625
13627
13627
13629
13632
13636
13638
13640
13640
13642
13643
13649
13651
13656
13664
13664
13666
13667
13673
13673
13680
13688
13701
13703
13705
13706
13711
13712
13716
13718
13718
13721
13722
13723
13724
13725
13726
13727
13731
13733
13735
13737
13744
13763
13770
13772
13772
13775
13784
13786
13788
13789
13791
13794
13794
13794
13801
13805
13806
13806
13810
13815
13815
13822
13827
13832
13833
13839
13843
13853
13853
13854
13866
13868
13870
13874
13879
13881
13886
13887
13888
13890
13908
13909
13915
13918
13923
13926
13928
13928
13929
13932
13934
13939
13940
13946
13947
13952
13954
13957
13963
13963
13965
13967
13968
13970
13970
13975
13986
13991
13994
13995
14001
14004
14008
14009
14013
14016
14018
14020
14039
14039
14041
14043
14044
14047
14049
14050
14051
14054
14058
14060
14061
14070
14074
14075
14078
14083
14093
14094
14094
14094
14097
14103
14105
14106
14106
14106
14109
14109
14110
14112
14114
14115
14117
14119
14120
14121
14122
14126
14131
14138
14140
14146
14146
14152
14153
14160
14163
14164
14170
14170
14171
14177
14177
14178
14179
14180
14181
14187
14190
14193
14194
14207
14211
14217
14218
14218
14224
14230
14233
14233
14237
14238
14238
14239
14244
14249
14251
14251
14252
14253
14255
14258
14274
14275
14277
14279
14279
14290
14291
14291
14297
14297
14301
14301
14304
14304
14306
14306
14308
14308
14309
14310
14311
14320
14324
14326
14328
14334
14336
14339
14345
14345
14347
14353
14355
14358
14361
14366
14373
14377
14378
14381
14386
14387
14388
14390
14395
14396
14397
14403
14411
14414
14416
14421
14432
14436
14442
14449
14452
14453
14453
14458
14463
14467
14467
14468
14469
14473
14473
14474
14479
14481
14484
14487
14487
14488
14495
14498
14504
14505
14506
14507
14512
14518
14520
14521
14524
14525
14526
14528
14530
14530
14533
14543
14545
14549
14549
14551
14555
14556
14565
14567
14576
14577
14578
14580
14581
14582
14583
14588
14591
14595
14603
14603
14604
14608
14619
14623
14625
14626
14627
14633
14638
14639
14649
14653
14654
14662
14663
14663
14664
14667
14667
14669
14677
14679
14680
14687
14693
14694
14695
14695
14703
14705
14706
14712
14716
14718
14720
14727
14727
14736
14737
14741
14742
14742
14743
14750
14751
14756
14762
14763
14772
14775
14776
14777
14778
14780
14781
14782
14789
14793
14794
14799
14800
14802
14802
14803
14804
14807
14809
14816
14826
14826
14829
14832
14834
14840
14841
14841
14846
14863
14874
14876
14880
14880
14881
14899
14903
14910
14912
14912
14915
14918
14920
14921
14921
14924
14927
14930
14934
14934
14937
14937
14940
14941
14943
14951
14960
14964
14965
14965
14966
14969
14971
14972
14976
14980
14982
14992
14994
15001
15002
15004
15006
15006
15010
15010
15011
15013
15014
15018
15018
15021
15023
15024
15024
15027
15030
15032
15046
15047
15047
15049
15053
15056
15058
15059
15062
15065
15068
15068
15068
15069
15076
15077
15078
15079
15082
15084
15087
15089
15092
15095
15096
15098
15100
15102
15110
15110
15113
15131
15133
15139
15139
15142
15145
15147
15148
15158
15162
15162
15164
15164
15167
15171
15176
15179
15179
15179
15188
15191
15196
15198
15201
15203
15210
15211
15214
15217
15218
15226
15237
15241
15251
15252
15252
15253
15259
15260
15262
15264
15275
15278
15279
15281
15283
15290
15292
15292
15294
15301
15304
15306
15313
15315
15320
15320
15322
15322
15328
15330
15334
15349
15351
15353
15357
15358
15368
15369
15373
15374
15374
15378
15380
15391
15391
15394
15397
15398
15398
15405
15406
15414
15420
15422
15423
15428
15430
15432
15437
15438
15441
15442
15444
15449
15454
15455
15457
15457
15461
15470
15470
15475
15475
15475
15475
15478
15482
15482
15484
15486
15489
15491
15492
15496
15504
15505
15507
15508
15514
15516
15518
15522
15523
15524
15525
15525
15535
15537
15545
15551
15552
15554
15565
15572
15578
15580
15580
15580
15584
15585
15586
15586
15592
15593
15598
15602
15603
15606
15608
15610
15615
15616
15617
15617
15626
15636
15640
15640
15640
15641
15645
15648
15651
15655
15657
15660
15663
15670
15670
15674
15674
15675
15678
15686
15687
15695
15704
15705
15706
15718
15719
15721
15725
15725
15733
15738
15739
15746
15746
15747
15748
15749
15751
15752
15776
15777
15782
15793
15793
15795
15798
15799
15804
15806
15807
15812
15814
15816
15816
15818
15819
15822
15824
15830
15832
15838
15838
15840
15842
15843
15844
15844
15853
15857
15859
15859
15862
15864
15865
15884
15886
15887
15891
15892
15896
15896
15900
15902
15911
15918
15939
15940
15946
15950
15953
15962
15975
15975
15978
15983
15985
15994
15995
15996
15999
16000
16001
16003
16008
16011
16012
16012
16013
16014
16016
16019
16019
16021
16029
16030
16032
16042
16048
16054
16066
16070
16078
16079
16081
16082
16087
16090
16093
16102
16104
16111
16114
16114
16120
16121
16127
16127
16129
16130
16145
16146
16149
16149
16159
16163
16165
16165
16170
16173
16185
16186
16189
16191
16196
16196
16200
16201
16203
16208
16209
16210
16215
16216
16221
16221
16222
16225
16228
16229
16231
16231
16232
16238
16242
16243
16245
16249
16250
16252
16256
16259
16261
16262
16263
16264
16265
16268
16275
16278
16280
16281
16285
16289
16292
16297
16301
16306
16307
16308
16311
16315
16316
16317
16318
16318
16319
16322
16323
16326
16333
16336
16338
16338
16341
16343
16346
16355
16357
16360
16366
16368
16372
16373
16374
16377
16390
16397
16402
16403
16408
16408
16410
16410
16414
16434
16439
16442
16454
16462
16466
16468
16468
16471
16479
16481
16487
16489
16499
16511
16512
16514
16514
16515
16524
16525
16525
16525
16532
16538
16538
16540
16549
16555
16555
16555
16556
16556
16557
16559
16559
16559
16560
16563
16564
16565
16572
16573
16573
16574
16574
16579
16580
16580
16584
16585
16589
16596
16597
16607
16607
16609
16610
16616
16618
16619
16625
16627
16629
16631
16633
16635
16636
16647
16649
16650
16654
16655
16660
16661
16662
16670
16671
16673
16677
16679
16682
16696
16700
16707
16709
16710
16711
16712
16717
16717
16718
16725
16729
16736
16736
16738
16738
16740
16747
16748
16759
16760
16762
16770
16770
16772
16778
16786
16793
16806
16807
16809
16818
16821
16821
16823
16825
16831
16835
16835
16839
16840
16842
16847
16855
16858
16860
16865
16873
16874
16879
16880
16886
16893
16897
16898
16898
16899
16902
16905
16911
16913
16915
16924
16930
16934
16936
16939
16941
16949
16950
16963
16965
16966
16966
16966
16982
16984
16984
16986
16986
16987
16988
16991
16994
16997
16999
17000
17002
17009
17009
17010
17017
17018
17023
17030
17034
17034
17034
17040
17042
17044
17044
17044
17049
17050
17053
17057
17064
17067
17067
17073
17074
17077
17091
17098
17098
17106
17117
17118
17121
17128
17130
17130
17131
17132
17137
17138
17140
17141
17148
17156
17168
17171
17180
17186
17190
17192
17193
17194
17197
17198
17202
17202
17204
17205
17208
17209
17211
17214
17217
17222
17226
17229
17230
17231
17240
17243
17244
17245
17246
17255
17262
17268
17271
17286
17287
17287
17289
17298
17299
17300
17302
17309
17309
17312
17316
17320
17323
17329
17331
17335
17346
17349
17352
17353
17362
17363
17367
17368
17377
17378
17379
17380
17382
17389
17397
17402
17403
17407
17409
17411
17412
17417
17421
17425
17427
17429
17431
17431
17432
17433
17433
17436
17439
17440
17441
17442
17452
17453
17458
17458
17458
17461
17463
17464
17473
17475
17478
17480
17490
17491
17499
17499
17501
17504
17504
17507
17514
17518
17519
17528
17529
17531
17533
17534
17536
17538
17547
17551
17553
17555
17557
17560
17560
17561
17563
17564
17564
17585
17587
17589
17591
17592
17593
17598
17599
17600
17602
17602
17608
17610
17613
17616
17617
17618
17618
17624
17625
17625
17626
17629
17631
17631
17632
17633
17638
17640
17643
17643
17646
17648
17649
17650
17655
17656
17660
17679
17679
17687
17689
17693
17694
17695
17697
17705
17707
17715
17718
17735
17744
17745
17751
17760
17760
17761
17762
17762
17765
17765
17776
17776
17779
17780
17783
17787
17788
17790
17794
17796
17798
17798
17801
17807
17809
17810
17814
17815
17829
17832
17832
17832
17839
17848
17856
17857
17857
17858
17874
17874
17879
17883
17886
17886
17887
17888
17891
17893
17894
17894
17905
17906
17911
17931
17932
17932
17935
17935
17944
17945
17945
17953
17954
17956
17959
17960
17963
17969
17975
17982
17990
17992
17993
17994
17997
18000
18001
18004
18005
18006
18013
18015
18031
18033
18034
18036
18036
18039
18044
18045
18045
18046
18046
18047
18058
18058
18062
18068
18068
18074
18075
18076
18079
18081
18088
18091
18095
18095
18107
18114
18115
18119
18120
18124
18128
18134
18135
18137
18151
18157
18163
18168
18174
18176
18181
18181
18181
18182
18184
18192
18197
18197
18201
18203
18207
18218
18218
18226
18227
18228
18228
18231
18232
18234
18236
18239
18241
18242
18245
18246
18250
18257
18261
18261
18262
18262
18264
18270
18276
18277
18278
18282
18282
18282
18287
18287
18291
18295
18298
18301
18302
18306
18308
18308
18310
18311
18314
18330
18331
18337
18341
18341
18342
18343
18346
18347
18348
18359
18366
18368
18368
18373
18373
18375
18377
18382
18387
18387
18387
18397
18399
18400
18400
18408
18412
18412
18414
18415
18415
18416
18428
18429
18429
18432
18434
18435
18441
18450
18460
18461
18462
18468
18469
18474
18477
18479
18479
18483
18483
18484
18489
18493
18501
18501
18505
18509
18512
18516
18517
18517
18523
18527
18529
18533
18549
18560
18561
18564
18569
18574
18575
18575
18577
18577
18577
18578
18579
18581
18586
18591
18592
18593
18602
18604
18606
18611
18614
18614
18616
18617
18620
18623
18623
18625
18632
18637
18642
18644
18645
18647
18650
18652
18653
18654
18656
18656
18657
18663
18665
18668
18672
18675
18683
18686
18688
18691
18692
18692
18699
18701
18705
18705
18706
18709
18713
18717
18727
18729
18730
18731
18732
18733
18734
18736
18750
18754
18756
18760
18764
18768
18770
18771
18771
18781
18783
18790
18790
18795
18801
18804
18805
18807
18807
18807
18814
18818
18818
18820
18821
18825
18826
18831
18832
18838
18838
18839
18842
18844
18846
18849
18863
18864
18869
18869
18872
18874
18874
18875
18876
18880
18884
18885
18887
18888
18892
18898
18906
18908
18908
18910
18911
18914
18914
18916
18919
18920
18920
18929
18942
18947
18949
18954
18957
18958
18960
18963
18965
18967
18968
18970
18975
18977
18981
18983
18988
18989
18990
18993
18995
19000
19007
19018
19023
19024
19027
19031
19036
19039
19045
19052
19057
19057
19059
19061
19063
19063
19067
19072
19072
19075
19077
19078
19089
19091
19092
19093
19096
19107
19109
19110
19110
19119
19127
19133
19139
19141
19143
19144
19156
19159
19166
19167
19167
19167
19172
19175
19182
19186
19187
19192
19194
19196
19196
19205
19219
19224
19225
19228
19230
19234
19241
19242
19244
19253
19254
19256
19260
19262
19270
19275
19277
19280
19280
19285
19295
19296
19296
19299
19300
19300
19304
19306
19308
19309
19313
19316
19322
19323
19325
19328
19334
19337
19338
19341
19342
19343
19345
19348
19349
19353
19354
19355
19355
19355
19356
19358
19360
19360
19364
19366
19369
19370
19373
19381
19383
19392
19395
19410
19413
19414
19422
19435
19439
19439
19440
19442
19444
19444
19445
19451
19452
19456
19456
19459
19462
19463
19464
19468
19468
19484
19485
19487
19487
19489
19493
19493
19494
19496
19504
19506
19506
19508
19519
19519
19530
19530
19533
19533
19536
19536
19538
19543
19544
19544
19546
19546
19546
19550
19569
19570
19579
19580
19583
19589
19592
19594
19594
19599
19601
19614
19615
19616
19620
19623
19627
19627
19634
19640
19646
19651
19657
19657
19661
19664
19664
19667
19668
19668
19668
19671
19676
19676
19678
19678
19679
19679
19681
19682
19689
19690
19700
19704
19704
19711
19716
19718
19730
19730
19732
19735
19735
19738
19738
19739
19741
19747
19749
19750
19751
19753
19753
19753
19755
19757
19757
19759
19761
19762
19768
19770
19770
19780
19786
19795
19799
19799
19806
19819
19823
19832
19842
19845
19850
19851
19851
19851
19859
19860
19860
19870
19877
19878
19879
19881
19884
19887
19889
19893
19901
19901
19901
19903
19906
19909
19913
19916
19920
19922
19924
19928
19930
19937
19939
19946
19947
19954
19956
19959
19962
19970
19971
19977
19979
19979
19989
19990
19991
19992
19998
20001
20002
20013
20014
20014
20027
20032
20035
20040
20046
20047
20049
20053
20055
20056
20057
20060
20061
20065
20066
20071
20071
20071
20073
20093
20094
20094
20099
20103
20104
20105
20107
20107
20108
20109
20109
20112
20115
20115
20116
20118
20119
20129
20129
20132
20139
20142
20143
20148
20151
20152
20153
20155
20161
20162
20163
20163
20166
20166
20167
20174
20177
20183
20188
20192
20196
20197
20198
20198
20206
20209
20210
20214
20217
20222
20225
20226
20228
20229
20229
20237
20237
20239
20244
20244
20248
20250
20255
20265
20269
20276
20277
20280
20282
20282
20298
20302
20306
20310
20316
20317
20324
20326
20328
20333
20334
20337
20339
20342
20342
20343
20344
20355
20356
20364
20365
20369
20374
20377
20377
20378
20378
20380
20384
20386
20391
20405
20409
20410
20413
20416
20419
20420
20435
20436
20437
20437
20438
20440
20442
20444
20445
20446
20451
20456
20458
20464
20469
20476
20480
20483
20484
20484
20485
20487
20492
20493
20494
20496
20501
20506
20508
20508
20512
20512
20513
20514
20518
20519
20520
20521
20524
20535
20541
20543
20544
20550
20551
20553
20561
20564
20566
20571
20582
20584
20584
20585
20585
20588
20588
20594
20596
20597
20598
20599
20599
20612
20614
20615
20617
20625
20626
20628
20633
20635
20638
20639
20641
20643
20647
20647
20652
20663
20666
20667
20667
20668
20670
20671
20680
20680
20685
20687
20689
20690
20693
20696
20696
20702
20702
20703
20707
20708
20710
20716
20720
20722
20724
20727
20729
20729
20729
20730
20731
20735
20740
20741
20751
20752
20753
20758
20758
20768
20772
20775
20779
20782
20784
20785
20787
20790
20793
20796
20800
20801
20811
20813
20816
20817
20820
20822
20829
20839
20844
20853
20863
20867
20869
20873
20876
20878
20879
20884
20887
20896
20897
20899
20899
20900
20903
20905
20916
20920
20923
20937
20938
20939
20943
20953
20953
20960
20965
20965
20966
20970
20971
20973
20982
20984
20985
20986
20989
20990
20994
20994
20998
21005
21006
21006
21013
21016
21021
21024
21038
21042
21044
21047
21048
21050
21054
21055
21057
21073
21080
21085
21087
21092
21092
21102
21103
21109
21113
21114
21125
21126
21128
21129
21129
21131
21139
21148
21149
21153
21153
21154
21158
21159
21161
21163
21165
21170
21172
21173
21176
21178
21179
21181
21188
21193
21193
21193
21199
21200
21201
21203
21207
21213
21219
21221
21223
21225
21226
21228
21230
21236
21238
21244
21244
21250
21252
21263
21265
21268
21269
21273
21278
21282
21283
21285
21292
21306
21313
21315
21317
21321
21321
21327
21328
21329
21332
21335
21337
21340
21345
21347
21351
21352
21352
21360
21378
21384
21388
21388
21393
21396
21399
21401
21401
21403
21408
21410
21411
21418
21419
21421
21423
21426
21435
21445
21451
21455
21461
21463
21465
21471
21471
21478
21478
21479
21481
21481
21482
21482
21483
21485
21489
21490
21497
21497
21501
21502
21502
21503
21506
21506
21508
21509
21516
21516
21521
21521
21522
21525
21525
21527
21529
21543
21547
21548
21552
21553
21562
21562
21573
21573
21577
21586
21586
21593
21594
21598
21599
21600
21603
21604
21605
21606
21607
21607
21608
21609
21609
21610
21611
21611
21624
21626
21629
21630
21645
21647
21648
21651
21652
21653
21654
21656
21656
21660
21660
21661
21663
21668
21670
21671
21673
21673
21677
21687
21690
21690
21693
21701
21705
21706
21707
21709
21714
21719
21720
21722
21727
21729
21729
21730
21732
21734
21735
21736
21742
21752
21755
21756
21758
21765
21769
21774
21775
21776
21776
21776
21783
21787
21787
21792
21796
21796
21804
21805
21805
21809
21815
21823
21826
21829
21834
21835
21835
21840
21842
21843
21844
21846
21846
21847
21852
21856
21858
21866
21873
21879
21881
21884
21886
21889
21892
21896
21902
21902
21902
21910
21919
21920
21929
21934
21935
21936
21936
21944
21946
21947
21948
21951
21952
21959
21962
21965
21974
21977
21983
21986
21988
21991
21993
21994
22003
22006
22007
22011
22016
22017
22021
22028
22030
22032
22036
22036
22039
22044
22046
22047
22047
22048
22050
22052
22053
22056
22057
22059
22060
22077
22085
22086
22087
22090
22093
22101
22103
22103
22111
22113
22115
22127
22132
22132
22136
22138
22138
22143
22144
22145
22147
22157
22161
22168
22168
22168
22173
22174
22177
22177
22182
22186
22188
22192
22195
22201
22204
22205
22217
22217
22225
22229
22230
22239
22243
22248
22251
22254
22256
22259
22261
22261
22262
22268
22269
22270
22270
22271
22280
22289
22291
22295
22295
22300
22300
22303
22304
22304
22309
22311
22313
22322
22324
22327
22329
22330
22343
22344
22346
22350
22355
22356
22359
22361
22367
22373
22377
22381
22382
22384
22387
22393
22395
22398
22399
22409
22411
22413
22416
22431
22437
22449
22450
22454
22454
22464
22469
22476
22476
22476
22481
22481
22485
22493
22500
22505
22508
22510
22510
22512
22513
22513
22515
22518
22521
22523
22527
22529
22533
22533
22542
22547
22548
22550
22553
22553
22555
22555
22557
22559
22561
22563
22567
22567
22571
22579
22581
22590
22594
22601
22607
22612
22614
22615
22622
22628
22629
22631
22639
22639
22642
22646
22652
22657
22660
22668
22675
22678
22685
22686
22689
22692
22692
22697
22699
22704
22711
22713
22714
22715
22716
22729
22730
22734
22734
22734
22736
22738
22740
22745
22746
22751
22757
22768
22772
22773
22774
22782
22784
22788
22791
22792
22793
22794
22796
22803
22806
22808
22813
22817
22830
22831
22832
22837
22839
22840
22859
22859
22864
22865
22868
22869
22872
22873
22875
22879
22882
22882
22884
22885
22887
22890
22894
22898
22900
22901
22907
22916
22918
22920
22921
22924
22925
22929
22933
22940
22943
22944
22944
22945
22948
22950
22953
22955
22959
22969
22974
22974
22978
22978
22989
22990
22992
22992
23003
23007
23009
23022
23024
23025
23026
23050
23052
23067
23068
23069
23070
23073
23074
23077
23077
23085
23092
23094
23098
23099
23104
23105
23108
23127
23132
23134
23137
23139
23139
23141
23144
23147
23149
23156
23156
23166
23166
23170
23172
23172
23174
23178
23181
23182
23182
23185
23186
23188
23192
23194
23199
23200
23200
23203
23206
23212
23215
23230
23238
23246
23249
23251
23253
23257
23258
23260
23262
23267
23280
23283
23284
23286
23287
23291
23291
23292
23306
23306
23307
23310
23315
23317
23319
23327
23331
23333
23340
23346
23348
23350
23353
23353
23354
23355
23356
23356
23358
23360
23362
23363
23369
23370
23372
23376
23378
23384
23385
23386
23387
23389
23390
23396
23397
23400
23407
23407
23410
23413
23423
23423
23425
23427
23428
23429
23430
23436
23437
23441
23443
23449
23451
23453
23453
23457
23461
23462
23468
23470
23472
23475
23475
23477
23477
23480
23482
23482
23484
23485
23486
23486
23487
23487
23492
23493
23494
23499
23499
23499
23502
23503
23508
23511
23514
23518
23524
23527
23535
23541
23543
23549
23552
23552
23556
23557
23560
23567
23568
23569
23570
23571
23574
23576
23576
23579
23584
23587
23589
23590
23598
23603
23605
23615
23620
23626
23626
23626
23626
23631
23637
23643
23643
23649
23649
23652
23655
23656
23662
23666
23669
23674
23682
23686
23688
23690
23694
23696
23700
23705
23710
23711
23714
23716
23718
23719
23722
23725
23727
23736
23738
23739
23742
23748
23748
23751
23757
23758
23760
23764
23766
23773
23781
23782
23783
23787
23788
23790
23790
23792
23794
23798
23805
23806
23807
23807
23808
23822
23828
23831
23834
23834
23836
23838
23841
23844
23846
23849
23849
23858
23862
23863
23868
23870
23872
23873
23882
23885
23891
23895
23902
23904
23905
23911
23914
23915
23917
23920
23920
23920
23929
23934
23934
23937
23939
23947
23948
23951
23954
23956
23960
23971
23974
23974
23975
23978
23979
23983
23984
23996
23997
23997
23998
23999
24004
24006
24008
24016
24017
24019
24029
24031
24034
24042
24046
24049
24049
24052
24064
24066
24067
24068
24069
24071
24081
24092
24100
24103
24110
24116
24116
24119
24120
24126
24128
24131
24134
24135
24138
24143
24146
24151
24156
24158
24161
24165
24166
24167
24168
24168
24171
24179
24185
24188
24188
24189
24192
24198
24205
24211
24213
24223
24226
24231
24240
24244
24244
24255
24263
24264
24264
24268
24269
24269
24270
24276
24277
24280
24282
24283
24286
24290
24290
24290
24291
24292
24293
24299
24299
24299
24299
24300
24306
24306
24309
24315
24316
24317
24322
24328
24331
24346
24349
24349
24349
24350
24351
24351
24355
24361
24364
24365
24368
24368
24373
24383
24383
24386
24388
24399
24399
24399
24400
24402
24405
24408
24413
24416
24420
24420
24424
24432
24435
24439
24439
24439
24440
24442
24444
24448
24455
24460
24467
24481
24484
24486
24498
24498
24506
24507
24511
24511
24515
24522
24528
24531
24532
24536
24543
24544
24546
24557
24558
24559
24559
24573
24579
24579
24579
24580
24590
24599
24600
24603
24606
24607
24611
24611
24613
24620
24628
24629
24631
24633
24649
24654
24657
24658
24660
24662
24668
24669
24671
24672
24675
24682
24683
24683
24684
24689
24692
24702
24704
24704
24711
24712
24714
24718
24722
24726
24728
24728
24729
24733
24739
24741
24741
24742
24750
24752
24756
24759
24760
24763
24767
24768
24768
24771
24773
24774
24776
24779
24779
24780
24781
24783
24784
24784
24787
24795
24797
24797
24804
24808
24814
24817
24825
24829
24832
24834
24844
24850
24853
24857
24857
24858
24860
24860
24866
24866
24868
24872
24872
24878
24879
24879
24884
24886
24890
24896
24896
24898
24899
24900
24900
24903
24908
24912
24912
24915
24922
24924
24926
24928
24939
24941
24943
24945
24948
24950
24952
24956
24957
24958
24959
24964
24970
24973
24973
24978
24982
24984
24988
25005
25013
25017
25018
25021
25022
25023
25024
25028
25030
25030
25033
25037
25039
25043
25047
25048
25063
25065
25067
25071
25078
25080
25083
25085
25087
25088
25089
25093
25097
25099
25103
25114
25117
25120
25121
25129
25129
25130
25133
25136
25136
25150
25154
25154
25154
25156
25164
25175
25176
25177
25181
25183
25184
25186
25188
25191
25191
25193
25193
25212
25214
25214
25217
25217
25228
25228
25236
25237
25238
25243
25244
25249
25252
25259
25271
25276
25279
25283
25285
25289
25292
25292
25293
25295
25296
25312
25316
25319
25319
25324
25328
25329
25334
25334
25342
25343
25344
25345
25345
25356
25357
25357
25360
25361
25362
25369
25373
25374
25376
25380
25389
25396
25396
25398
25398
25398
25402
25402
25404
25404
25404
25407
25410
25412
25415
25420
25422
25423
25425
25425
25428
25429
25433
25435
25438
25441
25445
25449
25452
25463
25473
25474
25475
25477
25478
25479
25481
25485
25492
25495
25497
25503
25508
25510
25512
25512
25514
25515
25519
25522
25523
25527
25527
25528
25532
25534
25537
25548
25552
25554
25564
25566
25568
25581
25581
25584
25585
25590
25590
25595
25596
25617
25618
25618
25622
25622
25622
25623
25623
25629
25636
25639
25641
25645
25650
25661
25667
25670
25671
25675
25677
25685
25692
25692
25694
25694
25698
25699
25700
25707
25710
25719
25724
25725
25727
25728
25729
25730
25733
25743
25748
25753
25756
25761
25772
25772
25773
25777
25779
25779
25781
25789
25792
25800
25800
25803
25806
25808
25811
25811
25812
25817
25819
25820
25820
25824
25830
25831
25831
25833
25841
25848
25850
25851
25852
25854
25855
25855
25856
25856
25857
25862
25863
25865
25866
25867
25870
25876
25877
25881
25891
25895
25895
25895
25900
25901
25906
25911
25914
25918
25925
25932
25936
25936
25938
25949
25951
25956
25960
25963
25963
25965
25970
25972
25973
25973
25978
25982
25982
25987
25989
25991
25991
25993
25994
25994
25996
25999
26001
26011
26011
26018
26024
26033
26036
26043
26048
26050
26057
26064
26076
26076
26083
26088
26089
26091
26097
26098
26101
26106
26108
26111
26114
26116
26117
26120
26123
26125
26128
26128
26134
26135
26135
26141
26143
26149
26150
26154
26160
26174
26175
26175
26181
26181
26184
26184
26185
26186
26187
26187
26189
26189
26191
26191
26192
26199
26200
26203
26214
26216
26221
26222
26223
26224
26226
26227
26231
26231
26236
26239
26240
26242
26254
26256
26256
26267
26269
26269
26277
26280
26281
26283
26284
26285
26287
26292
26296
26304
26314
26317
26322
26329
26333
26351
26351
26352
26352
26355
26355
26356
26358
26361
26374
26375
26381
26385
26385
26391
26393
26396
26398
26402
26405
26420
26425
26434
26437
26438
26440
26442
26447
26447
26448
26449
26450
26453
26454
26454
26455
26455
26457
26465
26469
26478
26480
26484
26487
26495
26501
26503
26504
26506
26507
26509
26511
26512
26519
26520
26520
26524
26535
26540
26546
26548
26549
26554
26558
26562
26564
26566
26568
26569
26577
26580
26581
26582
26584
26586
26589
26601
26611
26623
26628
26630
26631
26632
26638
26641
26642
26651
26653
26661
26661
26662
26663
26671
26684
26684
26688
26688
26691
26691
26696
26700
26700
26705
26713
26719
26722
26728
26728
26732
26738
26742
26745
26749
26749
26749
26750
26753
26754
26755
26755
26758
26761
26763
26765
26767
26768
26768
26768
26770
26771
26774
26777
26784
26786
26786
26787
26792
26792
26799
26801
26802
26812
26812
26812
26822
26824
26825
26827
26828
26828
26829
26830
26832
26832
26838
26841
26843
26852
26854
26860
26861
26862
26873
26875
26877
26879
26881
26884
26886
26887
26889
26892
26893
26893
26902
26907
26914
26921
26921
26926
26926
26928
26929
26936
26936
26937
26939
26944
26950
26954
26957
26960
26971
26971
26972
26975
26977
26979
26985
26988
26989
26989
26991
26995
26996
27004
27006
27011
27014
27018
27027
27027
27028
27031
27034
27037
27039
27041
27060
27061
27063
27075
27075
27076
27078
27078
27087
27112
27113
27121
27122
27124
27125
27127
27131
27135
27139
27139
27140
27142
27144
27150
27152
27167
27175
27176
27177
27178
27183
27190
27193
27201
27202
27223
27223
27225
27226
27236
27242
27251
27251
27256
27259
27262
27273
27279
27283
27295
27299
27304
27307
27309
27310
27313
27320
27322
27325
27326
27328
27329
27336
27337
27340
27341
27341
27342
27343
27352
27353
27356
27359
27370
27370
27371
27375
27377
27385
27387
27387
27400
27402
27403
27403
27423
27424
27427
27429
27434
27436
27438
27439
27439
27440
27440
27441
27442
27445
27446
27450
27451
27453
27456
27469
27471
27473
27474
27474
27479
27481
27482
27482
27483
27491
27492
27492
27496
27505
27506
27512
27513
27518
27519
27522
27524
27525
27529
27535
27538
27544
27552
27554
27566
27569
27571
27572
27581
27581
27582
27588
27591
27595
27599
27605
27605
27605
27609
27610
27617
27619
27624
27627
27637
27643
27648
27654
27654
27658
27660
27662
27672
27672
27678
27679
27682
27684
27687
27694
27698
27699
27700
27701
27703
27703
27704
27706
27709
27711
27713
27715
27715
27718
27734
27737
27746
27748
27757
27758
27767
27769
27774
27776
27777
27779
27781
27783
27787
27788
27791
27793
27794
27800
27809
27812
27813
27814
27815
27818
27822
27822
27822
27830
27830
27831
27836
27837
27840
27841
27842
27845
27848
27848
27849
27851
27856
27857
27857
27858
27866
27866
27870
27873
27875
27876
27887
27887
27899
27904
27905
27914
27920
27923
27923
27925
27926
27927
27928
27933
27933
27938
27950
27952
27958
27958
27958
27959
27961
27963
27968
27971
27975
27976
27981
27981
27987
27990
27993
28000
28002
28005
28016
28019
28026
28028
28028
28032
28032
28033
28044
28045
28053
28053
28057
28058
28061
28061
28062
28066
28070
28074
28074
28075
28078
28079
28094
28097
28098
28098
28099
28101
28105
28106
28107
28107
28109
28110
28112
28118
28121
28128
28129
28131
28139
28147
28148
28149
28149
28153
28156
28158
28160
28162
28165
28165
28169
28172
28175
28177
28178
28181
28181
28187
28193
28205
28208
28209
28215
28218
28219
28219
28222
28224
28225
28228
28229
28231
28235
28235
28235
28235
28237
28238
28243
28245
28250
28254
28255
28256
28256
28258
28269
28271
28277
28278
28279
28281
28282
28285
28303
28308
28313
28319
28319
28319
28328
28328
28334
28335
28339
28342
28344
28345
28346
28349
28354
28354
28359
28361
28362
28363
28367
28367
28371
28372
28383
28387
28387
28391
28393
28395
28397
28400
28402
28404
28405
28405
28409
28410
28416
28417
28419
28427
28433
28437
28438
28441
28441
28455
28460
28460
28473
28473
28474
28475
28478
28479
28481
28487
28489
28490
28492
28493
28495
28496
28497
28498
28499
28510
28517
28522
28524
28527
28529
28533
28544
28554
28556
28556
28557
28558
28560
28573
28575
28578
28581
28597
28598
28607
28608
28610
28613
28614
28617
28617
28618
28628
28635
28636
28644
28644
28645
28656
28661
28669
28671
28678
28680
28680
28689
28689
28693
28699
28700
28700
28701
28701
28714
28720
28721
28726
28728
28730
28732
28733
28735
28743
28746
28751
28753
28754
28755
28761
28764
28765
28765
28768
28769
28773
28781
28783
28784
28793
28795
28799
28803
28815
28816
28817
28819
28825
28827
28834
28837
28841
28844
28844
28848
28852
28853
28853
28861
28866
28872
28875
28880
28883
28884
28885
28888
28898
28904
28910
28912
28918
28921
28924
28924
28925
28926
28928
28930
28932
28932
28937
28937
28940
28943
28945
28952
28953
28960
28961
28969
28971
28972
28974
28974
28976
28976
28979
28982
28982
28985
28985
28986
28990
28993
28994
28997
28998
29000
29001
29005
29009
29012
29018
29020
29031
29036
29037
29040
29042
29045
29051
29066
29069
29069
29070
29071
29072
29074
29078
29080
29082
29084
29088
29088
29091
29091
29097
29106
29108
29109
29110
29116
29118
29119
29121
29123
29126
29126
29130
29131
29133
29133
29135
29137
29138
29138
29142
29145
29147
29148
29151
29151
29156
29161
29164
29166
29170
29171
29175
29176
29179
29181
29182
29188
29193
29199
29200
29201
29203
29204
29209
29212
29226
29228
29229
29230
29231
29234
29237
29237
29238
29240
29241
29247
29258
29262
29266
29272
29281
29282
29287
29290
29291
29292
29293
29295
29300
29301
29301
29302
29304
29307
29308
29309
29310
29318
29318
29322
29322
29324
29334
29339
29342
29342
29344
29345
29358
29360
29363
29366
29368
29372
29374
29375
29377
29385
29390
29390
29391
29393
29394
29397
29403
29405
29405
29410
29411
29419
29419
29422
29424
29429
29433
29437
29441
29445
29447
29448
29449
29449
29450
29451
29452
29454
29463
29463
29464
29466
29471
29473
29479
29485
29486
29487
29488
29495
29503
29504
29504
29505
29508
29509
29510
29514
29517
29517
29526
29526
29528
29530
29533
29535
29538
29539
29539
29542
29547
29548
29551
29555
29555
29559
29560
29563
29572
29573
29574
29576
29580
29581
29585
29588
29590
29601
29601
29608
29614
29616
29617
29618
29618
29620
29620
29624
29624
29625
29626
29627
29628
29633
29636
29636
29642
29647
29649
29656
29659
29661
29661
29661
29664
29666
29667
29669
29681
29698
29698
29700
29701
29710
29712
29716
29716
29717
29718
29727
29727
29729
29730
29732
29735
29740
29741
29743
29758
29762
29767
29770
29786
29791
29798
29802
29803
29804
29808
29809
29813
29814
29823
29827
29827
29834
29838
29840
29842
29845
29845
29846
29847
29852
29857
29860
29862
29865
29866
29882
29886
29888
29889
29893
29899
29899
29902
29904
29906
29911
29914
29916
29916
29917
29917
29921
29926
29929
29930
29931
29939
29942
29943
29946
29952
29955
29958
29958
29971
29972
29974
29976
29978
29981
29988
29991
29992
29995
29996
29998
30001
30004
30004
30005
30009
30010
30010
30021
30034
30035
30037
30048
30052
30060
30064
30073
30075
30076
30078
30078
30084
30085
30085
30092
30092
30092
30100
30102
30102
30103
30106
30109
30117
30118
30120
30120
30120
30121
30127
30132
30135
30137
30137
30137
30138
30138
30138
30138
30143
30154
30156
30157
30159
30166
30169
30171
30176
30181
30185
30189
30197
30198
30200
30203
30210
30212
30213
30213
30214
30220
30221
30225
30226
30230
30231
30233
30236
30236
30242
30242
30242
30245
30247
30254
30256
30257
30263
30264
30267
30278
30278
30283
30284
30288
30293
30295
30296
30298
30299
30300
30303
30304
30305
30306
30306
30306
30308
30312
30317
30318
30321
30327
30330
30335
30345
30346
30346
30346
30347
30348
30353
30355
30355
30356
30356
30356
30361
30365
30369
30371
30373
30382
30383
30385
30387
30388
30388
30390
30395
30395
30398
30399
30399
30403
30404
30406
30411
30416
30418
30431
30432
30436
30437
30440
30443
30444
30446
30448
30448
30452
30455
30458
30462
30471
30472
30472
30473
30477
30480
30483
30486
30489
30497
30498
30508
30510
30514
30516
30529
30532
30533
30537
30540
30543
30553
30556
30557
30563
30565
30567
30567
30570
30572
30574
30577
30580
30580
30585
30585
30587
30589
30601
30602
30610
30611
30611
30613
30614
30618
30619
30621
30632
30633
30635
30640
30649
30649
30658
30660
30662
30665
30667
30668
30674
30677
30680
30683
30690
30701
30702
30704
30705
30709
30713
30718
30720
30723
30723
30724
30726
30731
30732
30735
30744
30745
30748
30755
30755
30756
30758
30762
30772
30776
30785
30786
30788
30802
30802
30803
30805
30807
30815
30819
30820
30820
30824
30829
30829
30833
30834
30835
30840
30845
30851
30853
30856
30857
30864
30878
30883
30883
30884
30890
30890
30893
30893
30895
30895
30896
30900
30902
30903
30903
30909
30910
30921
30922
30923
30927
30929
30933
30934
30938
30942
30947
30948
30953
30957
30962
30962
30967
30970
30972
30975
30976
30981
30989
30990
30993
30993
30996
30997
30998
31000
31000
31006
31009
31009
31011
31015
31023
31025
31025
31031
31037
31055
31056
31062
31067
31068
31069
31072
31074
31074
31077
31079
31085
31087
31088
31098
31099
31100
31104
31104
31108
31111
31118
31122
31124
31130
31131
31136
31142
31151
31155
31159
31161
31162
31162
31164
31170
31174
31181
31185
31186
31193
31194
31200
31201
31206
31207
31219
31226
31228
31229
31229
31232
31241
31244
31252
31254
31254
31264
31265
31268
31285
31285
31286
31291
31293
31296
31300
31304
31308
31311
31318
31318
31321
31323
31326
31326
31327
31334
31336
31343
31358
31365
31366
31367
31370
31380
31381
31384
31395
31397
31400
31401
31401
31409
31409
31415
31416
31419
31422
31436
31443
31443
31448
31453
31454
31458
31458
31461
31466
31468
31471
31471
31473
31474
31478
31478
31486
31487
31488
31488
31492
31498
31498
31499
31505
31506
31507
31508
31508
31509
31516
31517
31521
31524
31524
31525
31525
31531
31531
31533
31535
31535
31538
31550
31550
31552
31553
31556
31556
31556
31564
31567
31569
31570
31575
31576
31578
31579
31591
31592
31594
31598
31600
31601
31607
31607
31607
31607
31611
31614
31614
31617
31619
31620
31627
31629
31629
31632
31633
31634
31635
31637
31646
31649
31652
31656
31657
31660
31672
31678
31685
31685
31686
31686
31690
31690
31690
31700
31703
31704
31711
31715
31725
31725
31737
31738
31739
31755
31755
31756
31764
31769
31772
31774
31775
31781
31784
31787
31787
31793
31794
31795
31798
31799
31802
31811
31814
31818
31825
31830
31836
31838
31841
31844
31845
31848
31851
31851
31851
31853
31855
31857
31865
31873
31881
31884
31886
31893
31893
31895
31898
31900
31902
31902
31906
31910
31915
31918
31923
31929
31933
31936
31938
31942
31943
31952
31964
31965
31966
31971
31971
31977
31978
31979
31981
31984
31986
31988
31989
31993
31995
32001
32004
32006
32007
32010
32014
32016
32017
32023
32025
32025
32028
32031
32037
32037
32042
32046
32046
32048
32050
32052
32059
32061
32065
32066
32069
32069
32073
32073
32079
32082
32083
32084
32084
32085
32086
32086
32089
32092
32097
32099
32102
32104
32107
32116
32125
32130
32130
32132
32134
32135
32137
32140
32142
32148
32152
32155
32159
32162
32164
32168
32171
32174
32177
32177
32181
32183
32189
32190
32191
32192
32192
32194
32204
32205
32206
32213
32214
32215
32218
32221
32222
32225
32227
32229
32235
32236
32249
32252
32253
32256
32259
32260
32262
32268
32271
32272
32274
32275
32283
32285
32285
32286
32302
32304
32312
32312
32321
32325
32326
32330
32334
32337
32345
32347
32351
32353
32366
32367
32374
32375
32377
32377
32384
32387
32392
32394
32395
32396
32399
32400
32400
32417
32421
32426
32430
32431
32432
32432
32433
32435
32440
32441
32442
32443
32448
32450
32451
32454
32455
32463
32468
32469
32473
32476
32491
32493
32501
32502
32511
32514
32518
32519
32522
32531
32531
32534
32537
32539
32540
32541
32547
32547
32549
32554
32554
32556
32559
32565
32569
32574
32578
32579
32583
32585
32587
32589
32593
32597
32599
32600
32600
32601
32602
32607
32607
32608
32616
32620
32620
32631
32634
32645
32648
32654
32659
32663
32670
32671
32671
32672
32674
32674
32674
32675
32677
32679
32679
32685
32686
32686
32688
32689
32692
32703
32709
32710
32712
32712
32717
32721
32723
32727
32728
32737
32737
32738
32747
32750
32751
32754
32756
32756
32765
