100
8961719
15922738
25832256
30631731
44165132
55726688
59855479
60026204
64184551
66197220
78395143
87575362
88748378
91957201
107575571
130348235
136584670
157315583
167292139
181519403
186740492
207122352
215305938
218277957
239148092
243370351
259709263
270097506
270939772
274315855
278448278
285541519
293908586
299039781
299720116
308622039
311611526
352580405
358093137
385566112
409205373
438612037
444066174
453391340
453979841
462509952
464850279
466331921
474410931
490333669
496977315
502418029
509279078
510087864
533766500
539320898
554981878
588316911
588483007
590565505
601434950
609179037
635499244
650648539
654127308
666153105
696636481
709383809
720408571
732022254
735413735
753111456
757327817
760431175
768727089
787748942
790775561
818709904
821558366
824484975
832213197
839247050
848076065
849925508
852388376
866741604
892573860
896553508
912370265
942565566
943170223
950226449
950300211
952207930
967135637
967767271
969343343
970909913
984660735
990357636
