10000
3201
5534
16760
16333
30934
17555
1027
2092
29942
16565
27987
9557
15217
6056
23696
8607
30156
13098
8587
9834
7544
1598
1359
12899
26881
5513
16633
1283
6536
24316
22217
25433
15475
25779
376
6666
13667
24349
11724
24726
9318
23134
12907
476
31855
17137
14829
28129
24067
9618
4916
6349
2612
9819
23552
19254
467
29485
14782
18337
9442
13649
5281
26950
26184
18015
2292
8212
26568
11359
687
28149
4660
8495
14152
18771
32222
10533
29131
2267
16208
31988
25901
15489
27709
19156
30942
6084
27831
4829
17309
20787
27809
8884
10384
6960
360
29802
19092
6644
22510
29857
18898
31443
32455
29681
32659
4289
8360
18314
11349
6678
17180
23834
19485
5006
23929
17905
1296
15508
23571
32099
25661
12480
25519
28269
23742
15006
26939
31900
15615
17329
29116
5163
3677
1463
3719
1387
4851
24879
27060
12136
21936
32025
30416
15818
173
5117
7122
32249
28094
4654
26192
3973
9544
26960
8435
29636
16210
15640
23849
16573
23262
19795
17689
31556
8057
16682
18908
23655
32017
14244
490
1545
7687
16748
19410
27341
16261
10197
2351
27958
25618
9499
1495
31244
5219
29164
24405
8705
8820
19494
154
30356
8920
23267
1519
11830
4174
5043
7470
21419
19860
1320
13874
1204
31104
10904
6028
1003
18764
11550
11127
8686
23858
13794
6415
16831
17208
13722
32189
31851
7246
17745
23286
10218
6038
1127
3109
17735
14339
6106
22757
6657
6181
11971
30580
30896
8259
12324
4964
31979
25259
30176
11412
15978
4678
14603
25183
16232
18287
4964
32531
6731
1797
14880
22437
12935
16319
21994
21411
27840
12736
7207
12649
12847
29804
3454
23192
17222
3705
32152
23748
7575
21577
18468
23149
30962
119
22303
2097
8141
15024
24146
2623
9961
196
28700
17935
18483
9724
20337
31825
25833
23727
8995
16163
29437
32272
28256
6278
22974
1098
29309
29971
437
27343
24049
9962
7117
26860
27813
5356
25528
15010
23915
27178
24973
27569
24779
22940
28342
22773
25862
18967
521
23541
25429
32377
1845
21690
4722
3623
17760
1501
8793
16825
6414
30436
25936
10227
1349
20687
2597
30455
24559
26861
19383
3514
7551
28148
14775
10677
32727
27473
32432
9437
11369
5821
18245
20436
28061
7185
11963
15457
9075
23387
21687
3102
10090
19761
72
6000
10144
325
29735
188
15674
27450
22590
2008
16902
29110
23656
12736
10591
29625
30840
6283
24658
14381
28028
30621
30975
31678
27715
18461
9537
4331
1308
426
17553
18013
17633
21321
2343
1912
9012
26786
30819
27441
9737
3949
19052
9503
24165
20775
27927
3284
8804
21769
11786
12141
10369
7738
20513
8040
26642
31300
4112
30390
25362
13253
23626
16145
15651
23911
17442
13456
17363
18705
25136
5753
19487
32607
17911
31318
2358
19280
8388
21835
16511
11839
14809
12198
32476
20501
28107
14008
13105
16316
15657
8420
21024
6103
11870
6133
26391
23472
1753
7604
13965
8305
8043
7867
21896
22168
22512
10116
23139
18341
28209
28613
2766
7189
15369
12288
11030
32148
8391
30037
21159
10607
6612
26524
27087
1864
20118
13744
13508
6157
5011
7181
4073
20779
10458
14750
16717
14334
14239
9936
884
20876
21285
747
11611
14964
225
27554
7094
31521
3036
4841
16252
27715
10073
26374
30117
16256
9400
235
3123
102
16538
19651
6255
8613
19270
8395
629
27259
12363
13923
27122
22639
8551
14693
18477
18754
26792
25013
29508
291
9681
19225
26296
24866
31487
32587
29996
25063
27788
26189
18282
9892
30772
4349
19623
15432
10102
4585
8
22774
8509
22628
10085
12213
32448
16858
28492
11369
26535
21856
2121
11266
14703
23951
10596
1267
15887
21651
7148
29669
13788
22143
13427
16557
14506
3555
23834
12156
12852
20129
5391
4694
32190
21244
2387
3782
25848
20210
10945
27599
1574
19916
25932
31781
25982
3571
23688
30878
11729
20229
20844
24291
25710
17960
5462
10347
5188
11423
11855
28074
13382
7323
4240
18821
19732
12371
4422
4362
8663
5974
30355
13150
24684
5664
18645
22006
7366
9196
18730
266
7053
6858
12596
28743
12299
11761
8217
23493
12617
6742
22734
19768
19061
17790
13718
21866
10887
16016
29893
13801
22309
21934
17098
21244
9923
15749
9580
476
9742
27427
11348
1825
27787
10249
2764
22907
9339
2690
32454
31906
18947
18483
10528
2192
25993
5874
15142
12525
17761
4060
7513
24779
31401
18593
29551
16019
7537
5923
8602
11327
7200
13120
14093
6090
6674
10987
25021
12261
8582
23682
20324
20716
11448
27483
8140
15896
19018
25249
19530
31478
24808
31326
10376
22808
22060
13016
24712
3594
7359
14881
6118
25991
28098
20458
3678
25581
12652
7064
28045
27887
23284
10394
9212
17034
15281
31993
29018
28730
4480
32304
2057
30317
21606
6207
26589
19000
1910
23291
22048
32073
4341
424
5849
8733
23997
6345
19277
16499
21471
13879
6599
28160
22668
30577
661
24420
27958
14899
1619
1373
10226
17226
364
2618
2849
18342
24797
17299
79
2993
5180
27704
31323
3295
24825
14951
728
27014
31461
9794
14004
31473
1520
29823
30231
21936
25911
22882
19342
9265
31550
18408
20073
3989
16249
16710
1122
10940
19730
14481
1663
5026
20198
24255
27961
16111
27857
27342
18397
8649
7723
12867
9011
11757
1426
9686
25438
21502
14826
1644
29955
28
8355
26181
6573
17593
15674
19063
21360
10152
6659
155
13261
17783
11813
31942
4566
16127
25830
21435
27538
9529
10793
9566
30371
22356
8244
2924
9254
1796
25271
24682
7131
22300
31498
29403
29318
18527
27063
30902
8085
26771
26936
22295
30210
30680
19970
4661
9339
30776
10178
31124
193
23423
2022
25724
8782
17229
4447
4777
4154
1897
13733
1348
1631
30296
17148
25618
5564
1071
10231
17132
9239
23461
4154
23407
3814
1388
16003
3828
30064
6594
18412
17602
28208
12355
5226
30851
11130
513
18586
3317
21345
29142
31933
14050
3799
28409
25856
5202
5142
26064
20226
17407
12351
13061
6288
4361
5185
19676
947
1771
26877
5828
3052
430
28328
4908
8382
3677
11120
26519
26989
12216
28002
26355
30214
23340
9099
5670
415
16899
21085
24299
10720
15065
10069
25820
16322
24399
28635
12495
5527
12803
30570
9830
28235
24767
4336
30690
29161
30448
20344
3128
19296
5210
12806
2919
21384
31755
18114
1288
28000
3981
2393
25895
30618
2656
161
11089
30553
4519
24444
6126
24633
27682
11518
17362
7568
30300
14290
22030
16627
10022
22745
19468
31228
14403
18709
2011
15179
18277
3782
6343
12491
857
17874
29229
27446
14718
18282
1165
25820
22395
29931
27873
17312
13617
10754
11821
31811
15087
6676
10584
15077
14309
7389
18234
13512
31964
11863
2294
18264
3876
9693
29322
2152
1997
26768
932
11199
29466
6906
12984
25043
17458
5617
7759
5076
12569
8894
26786
8428
2783
17023
29031
198
26135
1226
25067
28493
10123
12691
16225
1462
18734
19024
30585
25792
27474
9818
6965
21562
1563
11927
15353
31686
20276
31830
7905
6366
10176
24442
14934
22036
9876
4059
12772
10142
4771
3561
17478
20753
25017
30355
24515
30829
3949
20071
20670
27226
24657
2042
16008
29617
25963
18826
27256
29758
21481
13794
25918
3781
1296
15486
11892
6722
12918
13552
29302
14453
17009
18818
23156
13726
14543
29981
8901
5510
8135
6249
27518
29118
32048
27190
30532
3371
10225
18203
19550
16579
4537
9308
27662
9617
22768
10769
5154
8191
14061
14469
16070
12372
7785
23773
21660
11388
7731
30970
17679
18184
23590
8864
30948
1909
15449
32215
21265
6065
2197
5777
13267
2779
11276
32142
12795
330
22343
11389
32392
19922
8289
30052
9851
66
29555
321
9959
31025
26447
8690
1864
27387
19057
31570
28181
27654
31794
18341
25497
32330
26175
15158
14078
12304
10826
19262
14763
14841
22527
23560
17616
15939
16186
6739
15678
3400
12919
1016
2429
4935
19850
25548
11800
21351
5264
17608
1084
5113
32549
8295
16001
8190
17367
19536
12296
16873
30683
27445
2502
23462
22271
25851
543
16346
18400
10779
6839
12397
28765
17992
30853
9798
28235
1618
553
18005
2154
13642
14463
10199
27544
13543
32116
20437
18501
29992
15640
1518
25639
3899
11509
26199
29743
1950
5536
21792
21179
31620
23181
14009
26125
15738
13351
4532
19196
9546
20512
32204
6121
5919
19462
1063
19445
1515
15896
21720
15985
29958
16471
30120
8855
15640
12768
19990
29559
6200
8824
13468
23603
14677
7273
24884
28783
29397
16525
26907
18692
12413
26792
10197
22772
18577
17402
14705
3747
26684
8725
27150
5444
7985
24557
16030
19089
20115
11054
31466
15551
32531
4050
18647
17585
25176
1010
25831
4204
931
26076
29698
12747
27571
8295
26231
1395
15334
27011
3134
1546
1186
20244
16000
24484
23283
1537
16984
22398
29045
12167
18652
23535
14453
2260
12375
20635
18771
14545
27353
27370
8490
12351
11762
12985
28339
20485
20410
31567
30567
18888
29972
26770
22500
28349
30004
21626
9106
24763
5727
10439
10118
22933
2034
239
21671
31910
15782
10331
5391
26285
4114
18642
4276
28636
18034
23862
9543
21547
28070
15470
5468
13810
8318
20643
13004
11959
9524
20143
2135
25156
1082
466
18062
18429
31798
32679
30705
7793
30540
22615
16468
15663
26011
5901
11143
14555
8458
9898
20277
3457
15940
28345
17421
17192
28417
15525
14880
16555
22920
19753
11402
16580
2417
2569
30805
7530
23984
20480
23194
25949
6095
20729
6633
28671
28795
26242
24299
25445
21826
26749
70
24750
13211
23576
17857
19091
29991
3840
26281
23104
4406
29394
18291
30306
22413
19667
15010
130
22631
3552
18668
3217
3513
26280
17560
14020
10682
27672
11306
2978
11939
24599
8258
13915
13235
29300
28866
26971
31607
3612
1327
13599
16200
1681
9306
16711
21525
14743
24383
7149
3171
31025
9005
4918
31633
20939
14119
19750
32353
185
10379
4537
11444
12000
27377
31535
6293
17331
12118
167
32377
25698
13946
3823
19141
29517
8838
9115
6289
9151
3058
7764
3500
30169
23974
15475
14304
11980
15455
29391
20343
8524
32085
6610
765
23105
28699
8147
12360
1471
32710
13727
11958
8248
28497
10585
3766
18416
13632
25477
29322
17074
14980
14943
25675
3010
159
3953
19757
32274
29448
27492
29188
28344
26577
3095
6407
19360
4999
6382
15572
4734
29786
29037
28853
13319
30845
18949
23074
14177
25552
2861
25479
12760
14525
9909
3143
26322
10335
22359
31232
9221
19946
32400
12049
11751
14663
5294
2649
20582
3326
24361
29762
26586
13145
24886
23806
30264
28359
15002
28689
6280
18814
26812
8464
28825
10340
7679
30120
22259
1328
9038
12513
26893
5068
30713
17316
18368
22270
9151
9852
6652
26696
28460
153
10170
30477
30245
16410
8497
17140
18625
1932
26189
5522
3674
5293
25181
32579
24292
1142
20492
23384
18046
6233
31122
24440
10055
24776
18731
14912
28019
28918
15816
1325
18846
32737
6149
3516
25951
6800
21340
14799
17953
19353
16280
2899
21038
23527
20108
1824
11277
4282
27140
800
22542
2799
26108
8116
24611
11138
25360
28755
27121
8529
13620
6005
29479
1059
8869
22959
10255
8424
3872
27679
2147
23363
26449
522
20065
18501
24718
24004
19489
26236
24773
26832
13095
5932
8883
5961
31285
15580
27223
6784
21858
8980
23975
9959
29808
4966
21889
20782
31579
15275
15076
18091
26926
18831
17504
25855
24858
24400
10187
29943
2505
17858
5174
3248
30448
32663
2079
23807
20772
8669
22505
28175
12270
5576
30857
3916
23073
10162
25217
32384
24683
1888
8466
2620
17963
7559
25005
13178
11394
23182
6060
4736
13229
25238
2111
776
1682
15032
21161
23453
17560
23437
18604
13384
15804
19700
11073
108
13538
12047
8077
32751
7272
21647
28689
19354
257
21042
28193
195
5825
10121
1943
20521
7284
25855
25800
29727
2356
29463
8887
20973
14395
24309
32137
19059
1781
20512
32569
32271
6489
2950
1677
1985
14458
10177
14921
29581
32601
22168
15522
29729
18942
26569
13045
7096
6855
26886
30137
7230
27135
1853
31923
21173
5042
5404
23400
8663
22464
23253
25048
24573
8241
4894
13673
23615
456
14716
30242
16093
10971
3522
17433
18654
13410
28884
14639
14070
2381
32433
11002
19373
22555
2481
18691
17598
17064
23307
27442
16317
16454
23705
9350
20989
26128
4064
28169
22449
2427
30283
32260
15953
28974
20151
8047
20032
2068
19508
7595
14251
18095
10762
6260
26292
18095
16635
21521
25296
13507
456
22989
15725
5295
30967
31915
21465
2975
16338
5718
26719
9402
32435
4183
22195
17403
25727
3466
26512
15164
14193
18387
1951
13716
25369
30221
26011
27875
10148
20035
15283
23979
20061
30755
18479
27938
1908
943
14679
13701
21758
14390
4240
27822
10046
20355
16585
6377
3619
29012
3093
2052
9233
782
25753
15525
5605
8110
21673
17888
27699
19459
12846
13577
31185
15131
8523
9671
5018
14075
10816
3178
30060
402
26254
15999
30835
16880
2396
27041
32426
20916
18201
27794
14238
32451
24675
18058
8822
5440
21543
4302
28976
17848
32010
13957
12589
15260
7688
24263
23792
30709
8795
15608
15139
17491
5279
15188
11994
20998
4403
13258
23836
22929
14306
11022
19360
20060
24771
16874
23764
31401
6237
20693
19747
6089
9999
25030
5496
13968
10160
31818
22270
3078
29042
30677
13355
30303
22796
18517
15100
20014
3352
30989
17538
22485
4537
18849
28061
26944
8066
8557
3336
6099
27027
19739
19093
672
3845
14965
15290
3294
15241
9847
10573
7318
15179
29097
25228
12704
1565
3756
16736
26830
1489
16146
17379
16231
7142
4723
24351
10967
10856
23484
28441
22692
9233
4299
26638
10916
26548
18489
11516
17262
27356
18807
12132
14094
30640
25373
15438
13309
537
31614
6799
14416
22567
3968
24135
10031
12721
5035
5549
21129
25404
27519
13071
19718
14366
27403
22548
6205
14308
5819
26181
808
23280
5490
30923
19668
29287
2264
11130
24413
18250
16374
21263
14106
13538
30720
2742
18965
16994
8049
15056
958
32712
20317
31986
10464
10756
28419
305
14291
23132
13731
22685
6388
17679
32399
18699
13138
19256
9091
3608
14762
25590
20793
11114
17302
8394
2617
13369
1793
20800
19439
11278
17886
2514
2559
25803
17433
4617
29661
32236
22990
32229
14488
26892
30138
30335
15606
6059
9199
30189
30662
13870
27851
31334
26738
6183
8234
29862
23508
14807
24795
30100
29514
31474
1105
24355
8717
30369
6811
7286
5310
7373
12951
9543
14146
28827
11874
20617
19664
4147
15378
14924
20040
27078
18088
16610
711
16847
29504
23872
1656
28313
32395
23206
13229
27905
3711
12675
8750
12925
19533
2451
12496
24669
23188
10058
19786
15441
31700
18549
28229
4652
32037
13343
29618
25319
14633
433
24928
1257
18239
23390
10190
6533
11001
16318
28478
31685
6097
1721
6410
3174
7447
11687
27451
32547
20014
11957
6744
3383
15096
26507
9596
12573
19599
21292
14507
20378
23094
6941
2406
29181
2703
17353
24957
30118
21774
30756
19493
21701
14253
14479
6474
27748
29921
28924
11047
25512
28109
14930
16915
6227
27830
19219
15006
13454
29624
23356
29148
20966
25527
32620
17409
19860
3992
16201
22830
12801
4016
27423
13451
22921
27004
29899
14742
11903
24467
20440
7099
11378
32218
7399
27684
1711
13815
9300
14802
6151
8200
25622
30701
32723
13204
13543
7768
4149
3265
19110
14473
29088
4552
5113
22168
8090
3239
15670
5269
8896
3350
23172
11295
11275
9915
32061
17458
30035
24481
14487
29505
2833
25319
22916
10117
25449
19381
21974
27028
26216
7284
13991
11573
19338
13887
504
9331
28799
25748
26520
18672
3374
20816
13640
3964
26875
29914
22044
31206
30021
22174
24868
31506
28979
12733
31564
24908
31409
20994
4225
15068
12469
15641
10261
26843
19143
31739
22629
21573
18880
6317
7609
31055
9682
9258
6251
15610
7624
22686
30284
16616
2959
11220
2883
10606
25078
26098
23863
2540
14258
4196
10031
27481
933
20758
6072
8482
28256
1510
20104
24629
23782
13401
23904
19544
6322
8588
20535
28608
14588
9838
148
20703
12601
5165
14396
6781
10465
15598
26381
2570
116
29889
28714
6195
10175
7892
21080
4019
10588
6887
12200
1644
3960
9983
30807
27830
1496
2399
15602
9975
23838
5812
27581
25972
21321
26768
32086
11878
17788
22553
21654
20049
12032
4355
21944
8849
6539
20667
30909
29237
25283
9701
23310
18705
31486
17417
5220
2319
332
16265
21221
9670
24759
17879
656
15950
21193
9700
986
2386
27471
15580
13721
18278
4445
6928
22050
12187
2450
30004
32686
2641
30109
13770
17411
28237
27904
17118
11088
21516
4884
19444
6744
29526
20046
13375
25554
7958
1216
27923
2320
4968
483
21661
28128
27124
27027
27858
944
10363
23643
32421
12277
7599
12531
32125
29133
72
26375
16102
2786
1108
14138
23174
12178
23246
25707
18004
590
20339
12855
772
24128
30929
9407
27845
13617
11937
28075
1071
1193
14934
10863
17271
9816
30198
22476
21478
32692
19753
7834
14217
21732
21648
24006
15145
17117
27479
5527
17533
9419
6926
6197
20639
26802
10676
9067
14013
5973
4629
18348
785
4951
22103
16468
32275
21408
24783
8497
13293
7426
26393
32066
4143
32540
871
27326
25028
6271
30745
2136
23333
26128
20878
26562
25292
8622
23098
368
18412
29716
5369
5534
12127
32256
12707
7828
19679
31893
12257
14377
15482
3325
9279
8326
4160
21332
21378
13868
26175
2241
6203
5945
6833
13542
18076
17894
27251
5755
651
30293
6585
32565
15349
27018
29441
9965
17765
31159
12869
14846
14549
15292
12405
9967
7876
23022
25380
28498
2952
3095
1154
32747
9958
20671
30602
21525
20960
19370
15484
26722
24270
28066
2446
16514
4016
18807
23518
1126
20163
14915
5292
30884
21842
16114
30406
22046
13519
12034
6211
17631
30242
11400
7284
32325
17217
30580
18968
23141
20225
1557
20943
19627
28460
1760
22738
5057
7379
12141
7136
8370
20197
31938
15996
31056
25345
18644
6741
6611
2185
22859
8966
6594
25080
19334
12799
6167
20597
479
20163
12958
7592
30256
18261
3230
30668
5526
11500
10427
29701
2420
2286
6683
2804
4539
24092
20680
17289
21609
18954
1365
25
18000
23251
1989
8625
4377
27914
30120
30121
6792
9716
7047
8572
4354
24052
1410
215
8524
3910
824
10735
14741
7408
8935
3096
32183
1526
26580
23700
20666
22734
16366
17832
6041
31507
31918
3061
6473
6526
21313
7686
8184
21521
10217
16934
16275
31381
10401
22132
25994
27975
31488
22329
5591
30159
351
8056
31037
11377
31550
6087
8397
15751
1252
18270
8879
9007
14918
31598
29727
10049
298
30900
9398
16772
16012
27469
24299
9761
31553
2252
20953
6231
15322
6282
26691
21873
4043
22077
28885
11253
7117
25292
7084
4895
9088
14178
28953
22157
22101
20162
9634
10812
25515
30938
28490
15027
6712
3226
16403
3454
5803
27654
2496
17886
17807
3722
28383
8639
15475
1422
1287
17130
11848
12107
3167
6268
32522
3037
16479
31895
15011
26777
9691
23127
29452
21920
31293
28680
18869
6580
10258
406
10279
6219
25800
3908
27624
24034
23477
25761
2462
18068
2652
5049
27512
29419
12780
12424
3786
32502
522
24756
9463
12188
24784
4987
15252
2607
29718
30185
12234
2629
20464
30543
28924
27075
28279
29170
22186
12090
21709
19456
3478
30327
2395
9416
24613
10069
16221
25129
24071
3798
23457
12875
10010
3698
13963
21902
23948
21935
16221
17600
833
23026
25781
1939
18036
149
26200
20302
416
12089
29741
10690
29345
13918
16013
24704
27926
18993
23482
22601
3083
32164
9900
1222
9941
29636
31508
17529
3388
15176
29339
14580
20192
2149
1898
28489
4565
16618
16368
27841
15505
3720
18399
29649
30472
27505
6776
5449
18197
23846
8713
25039
19484
20873
28852
20364
24046
21050
30321
10277
4844
544
22614
4845
29040
6470
19735
3929
20584
21225
8905
29620
11076
463
20971
17427
27923
16090
16806
30092
30440
26076
8532
29091
25987
21677
31552
28165
23085
8315
25772
27769
19172
13666
28441
30483
7608
5180
16066
27818
4981
8891
27242
29069
17794
16821
2135
22642
15113
7614
3231
6063
22872
28156
23714
7853
13192
5431
15320
8089
32092
22832
30157
8540
9579
9268
26985
28110
23170
1264
22901
12326
68
24711
9819
22454
22291
2786
21805
4821
23348
14664
2025
30236
7981
814
19196
9173
9586
25936
23556
1968
32065
31488
19930
31416
9931
25022
11728
25478
660
31498
3639
9908
20508
118
6693
31637
32703
7679
5749
31011
23514
1693
29710
28473
19759
14105
22377
24579
16011
23327
14669
11698
25510
2196
1245
20596
26442
17705
22229
10403
17591
2609
16913
16700
20551
15024
15695
5780
13134
16308
7733
13638
24388
16104
17814
17776
15398
8038
24817
22047
5657
20685
25914
32007
3665
2195
9949
7800
4913
27037
13057
29069
9139
18957
19977
5287
25099
2908
15201
17945
14727
14504
12919
5413
7098
24399
9479
7976
6361
21948
15004
11537
22373
25729
9556
17687
12042
1446
13283
1196
27336
11841
17626
22188
30288
22087
32554
23003
31409
12962
29667
2958
11827
21892
3394
2728
23427
10490
28395
1736
25617
30660
11123
12225
16823
30820
29473
14667
19355
3701
8182
18168
16982
13886
17130
21609
26454
20103
5753
28097
9088
13483
31326
19546
282
26351
23711
11191
31977
8466
13257
27322
29334
10022
28285
19735
10327
12958
31787
28937
15819
13735
21278
19780
549
26812
6073
19242
30092
22132
18688
20801
31170
22943
5722
20965
30212
16786
17044
12858
29234
4287
14378
7525
27952
2441
12994
6140
29324
32086
8698
26554
13153
4581
10595
9080
9851
28898
25037
32600
29627
5559
16326
10564
11965
11686
17245
18839
9401
15892
21804
31769
16807
1320
29845
21809
20647
18581
6987
18262
7071
1716
31252
31943
11814
15830
29390
31100
16289
15832
29616
6492
2219
14328
6099
16048
1979
230
12529
17624
30976
14623
7788
2876
1424
20342
5522
11398
28098
4595
16159
13839
13016
16609
19971
29590
994
22563
29542
9016
29151
711
21482
9628
12068
27870
25136
32367
24066
26506
17053
14608
12963
4952
7262
1420
27701
1232
31657
8652
26954
5963
10566
25357
23423
25093
6991
29585
24156
883
25396
6292
30076
14039
15617
5250
13806
26641
9188
31079
7898
14776
4074
32679
25960
12649
16649
13551
14301
32351
15203
5995
15368
3652
22729
28986
19676
25671
4990
2079
15198
26223
28222
30073
5826
5423
7551
14965
16336
24890
22007
25730
19341
5016
25694
22021
31000
31738
29301
1870
16082
22859
7495
21451
12993
12423
16559
10108
21047
1488
7194
8359
27822
11199
13454
31181
13815
7416
6124
20444
17300
5121
25970
6310
31074
21844
16259
23954
10619
24498
2731
3730
27482
30395
7646
341
28224
15292
18432
28861
19159
18632
20139
4243
6165
522
18988
2426
18276
4441
718
28961
3072
16397
13148
4797
20896
8977
21729
7095
1624
19770
22450
161
15294
31703
28078
11887
25420
29066
18885
23524
10757
29526
30903
3914
14171
7160
14110
11366
21329
31099
26799
7851
14301
10503
5309
29614
4496
25850
3070
31194
29560
14649
7058
14181
16966
20937
28993
19842
23212
6041
5381
7129
30473
4002
7112
14388
6216
12338
30574
3707
30213
8325
2070
15586
14834
5782
21149
97
2682
18228
100
17765
10404
7256
3156
12485
9529
9654
16671
13559
28969
30610
27848
1924
19755
27605
28005
2745
23716
31072
31524
32671
24522
5536
21388
5166
22793
21603
10757
8638
8614
14826
411
12222
12706
29503
21503
3752
7905
26825
10702
7988
6027
24349
2070
6605
23475
6679
22295
27201
31286
13866
9798
29628
21734
11252
29080
20727
12264
12821
19452
25773
20571
28994
4905
20047
28218
16021
4251
5880
32132
20519
11224
10915
4762
8161
4600
29084
26088
28815
30308
7732
15047
10550
20702
697
11682
31400
15554
933
11608
853
23947
31254
9186
25956
27800
6782
4662
771
21553
13212
9067
21755
31685
22955
31517
3975
10613
20953
17171
2406
7383
20986
15391
6447
18163
26750
22086
23781
17298
8352
5153
8139
30649
14049
15747
21113
31088
29109
9565
18736
9415
29308
1758
13419
539
4787
15838
1974
24982
8556
24188
17091
20469
5371
28678
20667
18574
1267
20250
29138
18577
81
31499
25374
10126
5110
21126
14505
22839
5467
886
7621
31848
1408
12836
28575
23396
8229
7075
26135
16738
27453
14187
16079
18760
23200
7236
7810
2486
23552
11366
7320
16966
24350
19678
11511
28178
11837
11315
23579
24439
10967
23626
4457
18713
17040
17287
19392
22567
12392
10549
3154
17377
24116
24872
25522
30295
31311
23200
21805
12915
5517
5745
1118
23353
23920
18529
24829
16462
18079
10194
17656
5047
15251
13217
14533
27876
9108
27981
20982
31981
21988
20316
24590
22555
19770
762
23443
30890
12145
6372
19300
24269
32130
18820
5197
29171
32688
93
26329
1865
16898
13994
16231
12672
13558
24898
11392
15824
18036
30143
20328
573
1793
19167
19187
24857
12085
22571
5274
9674
6511
6358
23502
7885
967
5607
31629
6395
11844
23451
10802
8203
10576
24068
23441
10329
26728
4343
2371
1509
27928
14117
21823
21663
7719
11400
15018
13794
7951
12289
16625
1854
15279
28735
25876
30330
15428
24546
11589
5849
13718
5344
6833
23453
10607
14120
28062
7114
2897
17030
28598
812
32104
8135
14498
5275
22974
22813
8411
8574
23470
28101
22205
23182
32155
2278
18910
24029
24290
8125
24733
26134
17932
15095
11262
32518
4937
28510
3509
25435
14106
18872
1152
26540
333
12780
4794
5818
23598
2407
29486
25334
18428
2238
4137
4419
10906
8341
28883
16636
18311
25023
4286
13625
29712
12455
21952
17230
23492
18414
6142
2709
26921
20053
28746
22894
9901
990
16559
25475
11231
18990
11081
11601
27359
3126
27482
20708
29203
18706
17563
32737
30236
17969
31952
26314
14345
11447
5023
21886
7114
5663
11426
20735
743
19493
24507
29304
16242
16355
25512
14207
13114
31802
18135
10135
28481
6003
10875
29433
26480
26662
13279
28308
3722
347
10234
4434
28255
14832
25925
22173
4162
17211
12233
10786
18876
4847
892
16596
16770
9284
24781
820
16549
21586
18302
27856
9225
23998
21426
1290
536
14233
12615
21787
22711
23429
22885
32600
22393
14106
20055
23475
6675
19592
18842
15748
26385
18045
4148
18058
18119
841
24903
27436
1673
23360
13030
3077
31775
9823
12583
18592
7539
17715
13178
28544
16525
12535
7225
12132
6081
22269
22144
28105
15911
17231
26174
26287
26700
24213
16012
31136
3367
17209
21054
18415
6991
28106
4792
2110
3691
19614
20740
13122
30953
29372
13601
28107
22003
29176
16285
21502
14238
8288
2406
2533
9573
19671
13789
13611
16087
9984
19244
17440
30348
24158
25817
9731
31069
15545
29852
22657
5588
16323
1390
28281
14306
30203
13539
29698
19664
8914
22201
21423
9080
28172
30385
8466
7349
8810
11421
27774
16408
16262
30395
1041
2269
25342
3649
17906
32541
19668
27193
26584
28997
789
25743
22476
25030
22713
13673
6703
32014
23499
14518
18686
11192
28362
12810
6229
5375
4430
681
1074
9593
7150
1506
2940
28162
29538
1950
7236
28405
30437
2360
5450
9123
11741
18575
195
25085
30910
15706
27737
25236
18732
188
628
1220
9568
21273
18616
9003
31436
13351
10191
3168
1026
16712
8296
29666
17874
19991
20863
28495
26546
27456
13279
21463
27492
20374
12006
2031
2002
22367
27273
7498
11069
3570
663
18181
26774
30085
32578
34
21548
320
14043
30263
5000
30102
31965
3175
9365
8916
16941
2706
8197
11770
2720
19657
31471
23499
23486
1797
3005
4640
2246
28952
22085
897
32754
28387
25398
14582
31995
2250
9910
28187
17632
18533
14921
29555
20196
19832
28149
2814
32469
12070
29860
29454
21652
32097
12233
4950
13522
30373
24134
68
12056
17894
12942
18577
25866
23751
5126
16662
30444
15884
4018
17121
6501
19538
15373
3976
14467
28925
5176
20413
19456
12147
3671
24611
16580
30856
28985
24672
7082
21048
11575
14452
14727
10140
15454
2121
20585
21783
19920
13706
5660
17617
16487
3001
12275
12134
12444
8828
20420
21727
7591
32312
8757
16865
27112
7905
29238
29988
14982
28945
9679
31015
31318
21847
30748
17954
1022
12753
5270
61
14170
16893
30611
26111
32286
6348
14353
777
957
2296
7855
31492
9354
26520
11772
216
22557
23794
32756
19998
6905
14224
7368
11993
7020
30102
11998
30048
11702
30802
14361
27295
19309
5653
11354
3711
8735
32321
5447
15523
30010
9124
9035
2389
22313
8452
20445
27328
32192
19451
29958
607
13786
27142
32285
6837
14912
15320
5590
11583
29133
21236
30075
1191
22736
25978
14712
20282
6578
5185
24349
13724
6361
22311
20384
18874
30667
933
7265
25089
21399
8615
20594
13518
17009
666
31575
18469
21660
20166
22794
2469
7309
31966
15171
8891
589
26581
6133
23831
26143
30452
24860
11100
22115
3114
2486
10780
23738
11427
23567
11523
9835
6043
1346
11346
3077
16245
31229
9871
15430
22791
6276
19067
3644
30009
11257
32069
16042
22734
13530
4349
7341
1665
6859
16203
27039
12116
11158
15457
28732
32037
2928
30254
5891
27522
31358
21461
29151
8894
5015
2397
5895
2372
26700
21418
15139
32556
7717
12460
22704
30732
28974
26582
26277
26385
16306
30418
25175
12622
839
13939
12442
6739
23306
19435
6697
24322
2860
14910
26440
29342
5550
10230
24231
4645
20584
11545
11146
8672
7248
15704
28455
2360
8697
649
335
203
14170
15191
9297
1727
21201
29240
12316
27990
12136
8352
30883
14275
1622
4725
29574
14653
457
7618
24814
10833
19682
687
31672
10364
25857
1969
29911
21497
4164
9726
15859
32728
7498
23108
26454
10320
20541
28058
5385
9046
8463
19127
20282
16238
12035
13153
12769
17602
3440
27177
16292
3185
19906
9302
23543
8745
27329
22559
12423
9208
30998
15133
473
21599
16650
1279
14126
4777
9618
19072
6571
11642
31881
1174
3766
17323
15420
6124
20899
10069
8747
28819
28816
30508
14094
1525
4237
25103
21527
23306
15617
18653
3447
20174
17993
12937
9763
20722
29601
18033
28888
20177
3144
16619
16988
27815
31711
5665
22792
24317
5650
14112
23939
30824
15739
11563
24784
16243
29123
32597
31627
8410
2315
5711
29295
4601
6282
4734
1052
14211
20599
18512
17431
25719
20265
22225
10003
1360
12157
3193
9327
19325
22136
3656
4351
11536
17453
29974
5903
3258
27617
21796
28581
7671
22382
25590
16647
22918
6629
12389
18045
5660
21879
8432
9560
6489
22678
11347
4915
13563
5719
91
12665
17490
32283
2808
16936
7668
30318
6548
6612
19889
32559
675
29422
10953
16114
3451
1606
7773
32674
3174
3279
11812
24171
23798
3746
8031
13014
17049
9030
17935
28982
20333
1839
21605
3140
20310
10884
15994
6662
26957
7462
1600
16373
27387
31725
953
10846
29318
17205
32102
4873
27307
10905
9475
6937
3341
28158
19569
31795
24268
10196
26356
21730
23386
8344
10910
5178
16778
14237
26123
18620
14058
18701
24143
22138
13651
13610
18733
22652
30398
27866
14218
12641
21337
10083
1056
3913
17883
9587
6775
26355
2580
9571
10769
10787
2504
27836
6629
15687
3005
2811
20496
28761
22803
14737
8646
32519
19668
32046
32654
23570
460
27711
12719
19444
4763
16054
14565
4805
8200
2825
10073
14687
4504
21629
1488
11713
17504
20132
6435
17073
7191
31268
7151
21158
10863
32443
16525
2532
24741
26240
3909
7145
32599
7788
29886
26632
14487
24600
5305
20820
14397
26824
13567
19903
1665
8617
21656
28803
30921
7511
17214
29633
9407
3746
19730
1384
2471
7314
20109
23385
25584
14249
17592
21193
24328
21607
11680
7910
6517
12052
19716
19133
12066
31929
10578
4699
15862
11632
21714
22322
6315
9181
22304
13247
7134
1533
19167
29290
22882
2846
940
27566
3546
27439
20561
3961
5255
21306
11579
7638
19806
815
31535
21193
10590
30947
3640
2426
20768
19544
10468
6806
6576
8511
14255
31219
15259
20923
24768
22387
73
13928
15315
18218
22925
12188
18039
13507
6011
21485
26745
9759
12410
26611
7328
4416
20378
847
4506
18790
7463
1771
22327
18295
30078
18564
27605
20900
543
5990
15900
17994
26884
32375
30443
3606
1585
26487
8081
31085
25485
902
30785
3339
25328
7399
4800
490
20093
13827
1377
31845
17202
6577
18995
16029
10685
16564
7801
23068
12689
12421
30298
9400
570
14164
22746
29882
5869
10569
14345
26688
30820
783
6522
15328
18665
5523
8951
29838
22192
7945
24435
24768
10345
30001
20544
13520
14358
9432
7811
18081
20506
10913
228
11397
16019
10501
10634
17246
21226
16281
20550
24580
22953
26511
11534
12263
2700
31104
30382
3318
7386
16489
14778
18623
30197
15859
7111
13015
9776
1015
24282
24188
10210
18241
14625
27513
5305
3988
21729
22090
17744
10479
3248
4993
3843
14863
14308
31336
5122
9269
6987
17128
22948
4137
21021
6825
6398
19583
17198
5499
32181
24857
30312
31989
18192
31725
24185
17243
32593
6920
27337
7621
15686
6099
30127
2430
9243
30614
25316
16555
5490
9530
568
25133
18869
30803
2691
20680
17067
11614
16607
3460
19530
13126
8212
4435
32717
29230
5204
27125
32006
28522
7977
7705
19956
29390
30635
7365
10392
4396
31478
15351
773
16408
219
2701
11703
22254
26838
31074
26661
8471
29504
8122
9113
25991
15046
7904
26688
1930
25114
26893
4221
9409
18920
28556
20099
21607
25356
31772
12323
27609
28930
14742
5346
27734
20638
12239
19023
32259
5885
14016
17044
7218
7355
9444
6474
22243
18790
15586
23186
19851
13107
7788
16481
18197
26352
15975
23067
2855
27706
10828
21092
24742
23024
6862
18227
21884
3816
6589
26663
13209
25312
16170
20255
18231
25527
18892
18181
23139
29405
5794
29930
2489
22280
15322
5976
22127
5672
19186
20451
6549
11166
32285
11010
15514
28328
21736
23069
23315
15648
25629
21479
12728
15975
23783
20206
32431
21148
3896
19057
14094
529
27496
6513
13723
255
18207
9226
18134
7032
26996
21252
13881
7582
8790
22950
16574
3091
28971
20938
4258
16560
32440
24119
9832
16250
28225
18218
21282
22481
18929
17718
10220
26091
3708
28238
32441
18561
6658
31009
82
24264
567
19110
19355
8867
5569
503
8728
13079
3297
30306
15793
25343
11606
23485
13234
8193
25982
251
2326
17856
8895
23805
23557
12627
26405
23978
18075
10487
25164
11586
24299
27648
4481
25071
30788
32534
11044
19358
2483
2205
22864
21516
24008
20853
1983
9508
28573
15844
18663
2440
6421
21200
5737
15214
30306
6962
28844
5549
8906
455
8645
23319
12970
29449
10139
2058
3771
23389
2376
25154
5268
21902
7106
15089
8304
7546
31162
5906
25650
6923
12996
12794
12198
6505
30137
3632
3594
32366
14937
2174
23757
5723
11829
8520
16278
18377
26829
28701
5512
17378
10997
30092
21445
1744
11645
16185
26928
15478
17168
4656
3960
23902
20829
3960
11602
6131
25973
1772
11781
23025
26484
27718
29228
3609
12644
8829
15799
25129
3422
4433
18228
10507
24306
14627
19533
11597
31690
14603
20369
2001
30601
31525
25463
20166
26361
31531
9887
12502
24166
23369
21852
20641
12101
15148
5232
29803
10522
1373
22806
24081
24984
9933
4678
24386
18441
25777
30516
32235
2032
17551
7962
15603
32493
15001
17975
23849
18914
4667
25623
10875
11604
17648
30486
10600
23828
13145
10528
14520
26398
29840
12730
31594
17857
12218
6470
7918
23808
13275
16770
20884
26425
16879
22355
32069
5380
15670
4545
6769
25694
13775
25154
12104
29447
392
31291
20269
20520
22261
18884
11879
4409
7871
23468
7706
11810
28479
12988
1142
26784
26187
3136
9519
17131
21840
11204
20013
18838
29601
5148
15492
13494
2831
20903
19878
9286
21178
14804
20696
31690
27687
17380
3298
8499
13970
24306
19979
8963
27781
26929
4164
2481
16297
11382
6564
22607
26333
1014
6420
106
21125
3920
7500
19762
31524
5838
30718
2522
32302
1255
24912
26434
32023
6409
28560
25812
29360
14230
14115
16556
29363
31533
9919
13051
1948
27434
29659
30893
8891
31600
11107
29001
21128
14694
15023
21529
13110
19007
1206
16524
19851
7807
22399
11736
22510
32442
21977
32227
3522
21919
10572
14180
4338
23350
4175
11077
2509
1382
7355
2381
30997
25018
13952
10235
28754
15461
13975
949
9324
14467
11832
14626
3705
15777
11852
32468
3796
24192
8997
25130
18031
7446
6253
19316
6762
12246
31068
3417
5604
11313
8494
886
7697
14941
20437
1096
11404
13909
22251
10828
1007
25121
4842
14436
4770
3415
1183
7549
30704
21986
7900
23407
24416
26114
7278
21796
9794
21396
29262
18429
32648
1172
12828
29809
2519
15584
28872
14840
3038
14654
1427
10791
19175
31649
13622
22300
12203
11432
7520
24860
11627
13928
29798
1915
7996
31851
28982
16572
4003
21752
28558
7674
7777
10133
9323
32135
30864
21707
30403
20690
5871
19241
20598
31118
13947
28044
31619
528
16191
11933
24439
13561
3436
1434
13100
22550
20652
8282
30383
3716
30132
30347
18818
9752
19992
8767
28932
21501
27236
8615
9005
9375
23144
26141
27006
8904
18387
21608
12344
31241
7940
6716
21965
6236
14876
32001
20116
4871
16984
1493
12480
21188
15262
11988
15507
19230
28245
30103
13519
16670
9082
30458
7022
25895
26352
30755
9874
17439
17432
192
447
21455
12450
27279
12104
7821
6563
2596
7687
21016
18151
21735
18257
13763
2184
10332
26921
19414
25279
5799
12468
8753
11259
23631
26862
5682
20784
25410
410
4057
13426
30489
639
30762
22978
3742
16081
28371
22056
20107
23790
783
13570
10645
1611
29642
18331
16809
21421
15110
4863
28278
18844
26749
20494
3371
30996
3976
12752
32130
6271
19519
26120
28669
10464
9186
1036
26991
31569
17528
24019
8127
10927
26549
26448
5097
23956
23841
10238
3397
25733
32631
27325
23052
2157
6475
8156
31000
7498
31984
9591
4331
11559
21401
27139
22515
20298
26558
7463
21005
32686
28354
25293
1863
2740
5586
15482
6122
24853
22032
7386
20920
26651
21489
22944
10866
6673
19939
28557
17309
2808
24116
19661
23430
9595
5167
5514
20356
13349
10376
5820
4989
2770
20730
23358
17067
25699
30510
5927
11680
18614
22239
23895
2440
3798
18236
21328
9391
20334
13197
22344
17475
23428
1818
19580
3930
2915
4168
454
11062
31193
7942
26226
27848
32675
25191
334
17268
806
18832
24064
16660
28768
27605
25756
25407
27933
15391
20342
459
7534
2961
13109
1680
3159
8043
19753
21103
3272
24110
3039
29588
9934
22529
1522
4343
25867
11859
21283
12073
5732
7874
31660
12877
22521
13627
29138
16740
31578
26979
18874
28367
7416
11062
9085
18958
32473
8942
31614
16078
31632
10279
21756
25891
9581
13376
29411
10002
26097
21508
4840
24402
12676
23690
24276
21843
9066
26457
2080
14976
5620
22992
16835
3266
2803
31686
3144
581
30834
24941
2083
25214
19877
11388
16965
28781
17436
26765
12014
18975
20796
1731
18115
24952
19440
15537
31264
29231
6812
19063
28335
6426
32083
27694
15162
28844
18505
31367
5565
22204
8843
32430
10176
16263
7405
15733
31971
14841
13636
32174
16315
2344
6614
3544
14556
30498
16655
19711
17463
17640
10614
15069
12455
23482
21983
21317
15814
9109
23009
14530
11269
8955
2698
29307
4860
19442
10066
16729
29182
6735
3918
20588
12017
26420
22182
17547
30556
5592
20553
28475
14274
32134
24543
10451
7471
13545
10240
5597
21776
8838
26787
23486
32583
30346
8665
2202
1663
29126
20155
12914
21181
7672
19616
4495
2616
23372
17044
6692
21611
26402
7430
22831
21352
16402
29121
6304
18287
2861
24606
3773
4287
24198
16759
7365
940
5362
15838
24787
17138
3851
6415
7942
5193
1403
19364
17887
25402
20599
15496
4586
26160
18569
11950
5281
6610
9363
14083
8845
1680
30993
20129
27822
1148
15518
21829
18717
29020
30138
6147
28400
3325
30154
12344
10590
28618
17760
20161
17956
20380
9661
18282
17190
1748
19348
28841
32602
4520
14097
11149
29410
30138
19738
10225
12920
18415
5589
14581
16911
17534
17514
19887
31415
11591
27658
25117
1986
25191
1584
31838
16165
26889
11814
2594
22817
21630
13772
12896
19234
17809
30613
28487
18919
29716
2514
1142
14051
30399
14131
9583
31971
15675
24714
24649
8178
28793
11219
8358
1145
11592
9330
24293
12715
19751
12475
20377
4896
12631
183
10041
32192
17461
23077
17945
31715
9415
26048
24728
9399
12437
25024
30619
737
24506
23971
13627
20071
10042
25389
443
32205
21910
12462
25789
29310
7582
26755
1717
17518
17287
23007
26269
28926
8253
18124
6123
28960
28410
19308
7360
31419
6424
19077
12386
29009
29732
828
5612
18911
9779
13345
16196
26116
9337
28524
24654
10854
23
1158
16991
21586
30005
8908
27637
21154
28753
6543
28837
9700
32214
22879
32084
3000
22513
6793
29866
31098
1696
19678
12228
10785
17932
13494
14121
17255
10008
22837
2048
22059
7738
10189
14720
15891
29834
28932
5799
9333
20248
8824
47
10872
16515
25120
10942
32374
6343
28372
3421
24741
26455
27152
5163
23287
25452
28405
27474
12350
11932
6800
30267
18068
9646
26975
18174
4346
13229
3601
10781
15423
23355
9614
6769
8996
27176
27703
12644
19901
2883
22639
26465
26
10864
15962
14473
7207
24315
24804
424
23249
20524
5126
10599
8298
18460
21573
27075
28751
26822
30587
19901
17352
14177
23257
14163
18479
29166
12845
432
18517
25357
23649
5024
17697
10260
24900
30278
378
7522
31886
17425
1383
25841
23070
1004
23669
15147
26501
17589
4954
3583
24264
3313
14551
2611
28258
29374
26083
4860
8841
28680
4357
22476
29618
18176
12546
31851
7767
2762
29368
1865
10232
8310
1610
2579
13664
19506
18301
14468
5673
7870
17762
24958
10626
22304
27958
32345
48
3224
23686
19579
24531
13526
7830
9512
2923
23147
22788
1948
29978
6014
11177
2391
15660
10432
18368
8377
8788
11426
586
32206
18232
25285
26033
25963
28976
32689
1707
17018
9291
26827
8289
24978
16532
27777
15313
2763
1171
19144
26224
28112
6422
8648
15380
5173
2609
4821
18450
19979
20867
13218
419
19634
21947
8113
26509
24559
859
15886
32511
2366
25276
3901
14780
22890
20306
6001
1915
19546
13362
14591
5774
5934
29137
4881
1987
7307
20751
14495
6536
31538
10100
21403
3666
27352
4281
2156
21055
23346
24970
11678
9210
2383
14218
11224
17631
32554
19096
6670
29791
12672
25425
27127
15014
12255
6869
14530
18044
6912
18382
6149
25193
21846
15535
25334
17693
8679
15162
29661
16654
9563
16709
19913
5987
32082
4797
3714
29201
25083
9451
15552
18756
1507
20214
18074
14336
10250
25514
17473
1032
3132
6263
21230
23807
19870
23997
7193
5837
16264
3143
23788
25412
20626
3093
503
20228
9202
22622
11045
1435
21765
1237
11247
8433
6443
10284
23503
2020
13272
20438
19192
8239
28904
24850
12100
22416
6451
2853
7534
18474
5474
12006
25217
31784
13057
24448
4496
5283
16341
24692
6568
22469
28527
17629
30723
27183
16129
5112
23166
14233
19313
5859
17997
20152
19884
13221
5870
13413
12605
31087
26971
29179
31006
16930
18308
25345
26317
3344
10236
1545
6051
30471
5619
21719
3170
29580
5476
26566
20237
11108
6031
26728
11004
9305
5034
5997
11055
5690
6100
27078
21219
4388
26186
266
17507
22784
29405
792
18977
6733
21668
5374
30213
23584
32750
32025
19205
21352
23674
12414
9462
31607
3051
20377
21153
6078
29814
22036
5658
728
25566
506
32589
28363
24226
13853
21722
31370
28533
23477
32547
16574
2798
1865
10658
17349
23425
25811
3713
23291
2478
12063
8292
1337
21624
13940
1674
17564
3609
14966
7956
26504
20724
6987
31652
25324
203
9725
3114
8647
27698
31
27643
28139
8771
30388
1316
22017
20628
13388
32253
13517
15718
8816
9473
15795
12831
31296
20188
12922
27131
18523
23238
9809
22782
26623
20752
29199
24365
14706
20476
15807
15357
6048
15058
17244
22028
20741
24368
11993
11023
10189
1186
16228
31755
7482
6770
3564
2505
3143
30658
7393
30084
22411
25047
5435
6628
11871
19640
21693
28720
11587
2552
12667
21951
23934
22992
5786
17839
22533
4721
24151
23258
3998
20887
3402
11782
1605
27746
21228
25692
29135
4450
29528
540
5069
20720
32334
21902
18611
32709
30589
3644
4666
10181
21506
21598
8450
31516
28972
29846
8572
32140
26754
29661
20487
22533
25863
8125
6233
2679
23996
28354
17441
28644
22887
17707
31978
18617
8083
29156
9539
16222
31448
30649
19741
6924
28764
30404
17780
5343
4250
18983
5938
812
17762
11777
24912
20244
16673
410
25150
26713
29539
31201
12421
11121
9878
22553
26283
28121
11025
30927
18006
9388
13141
20239
5813
22900
17810
8151
16924
24896
26221
4556
30446
2551
24832
25900
20416
12779
20514
26628
18107
32177
19689
31395
30786
8241
26222
14414
30933
26873
18128
6197
16950
3287
10620
6822
31690
23718
1707
22145
8769
24168
6188
31468
21114
31893
7011
6471
15264
16307
29842
19299
31898
17959
5975
2542
28834
28235
22646
18226
12083
26304
3289
8704
17193
6406
6613
17638
23844
8777
23215
17832
1325
20094
32607
6382
3996
18863
18579
28219
22840
31635
17655
2078
3745
16738
29620
25772
747
31207
28726
18989
22924
6103
2867
3094
1912
11873
29929
7224
28554
11270
23719
15414
7718
14251
10638
25404
26653
25581
12441
11246
28880
11444
3035
24223
23449
29451
30472
27588
11366
27439
21815
27304
7079
12517
17382
28769
24939
30225
24383
21250
15301
32645
7066
11538
13429
25623
22594
13629
27076
16886
3964
15946
24240
24126
18373
29517
5705
25289
10844
9246
32347
11849
25344
13833
27981
27283
11515
3271
14153
23870
12639
32685
7838
9837
6800
12068
9058
25065
258
20057
30299
24179
5444
13622
4896
24408
11070
20112
17787
7237
2743
13986
7698
29533
10522
7610
6726
393
12409
17202
860
5391
30674
7330
18650
11879
20625
32084
23092
842
19799
20984
17320
14347
26106
17561
4711
17194
7373
23760
17397
12071
2337
28728
17618
11924
27403
30497
16986
13934
11368
6537
21482
4781
29471
2120
16196
10522
10406
30346
23605
24161
6856
18306
23413
20839
6565
17501
29902
24797
14074
28277
16512
12054
2722
16840
16357
6165
8285
31656
22865
19947
29393
14772
19260
3904
6094
1286
23203
11311
470
7598
16555
19799
31453
6751
7048
12590
15437
12393
26269
21401
18509
14311
15844
13242
26691
16442
28817
11273
29847
18614
9970
4263
18875
29082
8090
2031
3688
14662
18366
20813
12074
6568
13023
28243
13086
6648
13737
25097
19962
10405
10268
31365
21327
20879
4841
22716
28427
9334
19487
10904
18242
24498
18182
19275
27438
13093
6987
15842
13172
12143
1886
13853
30632
13664
29209
9086
15636
31155
12194
29344
17077
28921
3474
30922
3719
14291
27223
15812
24579
19300
23511
6121
11237
9734
10581
20094
1330
5180
7321
13890
6010
21993
28235
31814
5722
24511
20897
4863
17990
20729
25402
30106
645
29005
32585
13711
25725
19228
17141
1657
28721
13805
15616
15397
27144
25881
4519
28393
14800
20167
5578
14903
32514
32539
9549
18801
14920
11179
14526
9983
12348
6963
32312
416
26995
13705
31111
23549
29626
20435
28556
23172
18591
2295
8419
9075
32052
19027
6084
1331
7951
16559
3367
22248
25237
24943
10540
18246
1657
20493
8889
3494
4223
14279
613
12633
18310
28053
3221
23356
3781
28254
5860
25996
1621
3435
19657
7676
5359
26396
10100
28165
16120
27610
7416
23934
28346
5964
19119
9068
4597
10190
7898
14619
12438
27167
17801
9070
24774
27993
23739
26227
15398
13095
13253
22330
14937
12338
6648
16360
5316
12508
126
2567
6033
30257
29573
25376
1018
7962
11936
3980
26564
12756
20585
24455
3593
22945
29036
31366
27963
11454
8768
29899
13926
3732
5367
25398
27061
562
30137
24926
5176
251
13995
15840
6884
10652
21269
16631
14044
23362
19909
16717
1775
4361
28334
31505
23137
4535
981
23882
6382
18346
10606
16747
27660
21775
23873
16679
3441
14421
24915
7814
24277
5345
12739
29241
12025
29700
4594
5163
20456
4650
29926
29272
25212
3156
17649
18914
31525
456
20109
30305
998
32262
21131
19323
32672
16127
877
11446
4755
11138
29200
22409
29730
3575
11662
5049
11734
26447
6754
15843
19366
28219
17613
24660
24950
3740
12921
20001
2525
32059
30557
29813
16939
13243
4576
22053
18347
26828
21057
25994
23077
22689
20790
12431
1959
29091
14803
4873
25989
14695
27310
25415
23199
32221
12865
19690
24290
9931
10895
19959
21522
15226
30731
2603
23494
28848
28597
26767
20148
21213
26758
12108
14638
24729
15374
4543
237
10574
14940
25808
6158
17458
5406
28032
24922
13177
1545
32194
10698
1992
13435
21388
23370
22508
7775
28205
19646
24780
2130
19937
21315
24988
14595
20899
30903
2132
992
10050
31611
609
26351
439
31607
1434
16377
2486
30815
25973
23790
15491
1333
2171
27525
11527
21776
20985
3107
23331
1307
21497
3070
5444
18400
23920
2690
6200
21959
14521
3572
24896
18137
11842
19285
26214
14794
8070
9609
10512
27703
20027
10168
22230
10284
9164
32501
27793
10985
3337
14109
4020
26854
15902
16130
4576
21268
29377
30665
21170
358
32432
21393
29664
26256
16987
18262
4996
28943
22493
5140
183
15721
3121
11055
7778
15798
30883
12818
26705
31327
20612
26902
20105
20518
14114
31142
23260
20326
12792
28578
21690
8348
2849
25088
22346
4647
14355
3769
3513
13132
6281
28131
2515
8317
8641
26
26832
25819
18920
23589
14960
5369
18387
16343
24138
1763
31471
10290
19296
19295
3963
13523
30200
19570
13044
23178
18343
13606
27857
10568
23983
1675
28529
10558
395
32252
30034
4931
4039
12451
32387
26742
16661
64
604
11557
2462
19749
26988
19182
662
2437
25523
24100
4627
4591
28433
29301
17695
28438
8703
29385
4107
25811
3709
20588
26887
29293
20811
9584
28912
10263
8540
22093
7785
30138
29576
30411
7981
22261
1665
30242
25508
99
27400
22111
2228
29212
23649
29449
5081
4990
32004
6917
13688
15405
19349
439
1392
20056
25622
19306
28147
17982
24924
14578
14484
25329
29375
13967
29088
19546
31254
21013
5554
23166
17891
23626
15746
25087
15306
14736
15358
10726
1864
9668
25244
28319
8353
28517
24558
5701
16410
28153
27767
31265
4457
14252
14781
26989
15210
23099
22431
18781
4115
6928
1001
30304
30890
687
6182
19107
29237
14160
2485
28118
11827
27341
12319
21044
11145
24511
17832
701
23487
18916
22052
9926
10348
3525
4108
24244
27887
9109
11217
24069
14432
8539
23920
26256
27591
12372
1095
2317
2187
29074
3367
20183
17197
5610
15018
12529
11829
11533
18375
71
4461
28661
6307
9015
16718
2691
28074
19536
2744
10342
19679
3674
1766
18750
5488
29078
27552
8193
29070
28231
11186
414
6779
28784
31646
9953
8933
18656
3726
17815
15218
12140
8076
17650
9628
14972
6901
4399
18623
28617
31787
21109
7536
21092
13195
2817
25361
4603
10399
24704
21410
16216
11412
5308
18906
10794
28910
29051
3447
19464
22138
11172
14802
25779
10372
420
29366
11163
6219
6416
23410
15013
3250
24460
1069
5676
6712
29419
16762
30278
14122
21656
8749
13640
24
27700
30572
1932
8325
7552
8969
24689
13282
30078
8207
10404
12990
13011
31130
10654
16439
11632
9196
21102
27572
24945
27582
14777
15062
8517
28628
255
4011
13072
22740
32031
16165
23885
17240
18462
27595
9912
4162
8228
30895
19819
3920
14279
10400
14663
14320
23436
15776
28053
25685
4267
11417
15853
17098
4371
14667
19031
28998
18606
3721
1713
30529
14310
9893
20817
4551
24424
6185
23787
1483
6440
6855
29108
27837
677
22675
18887
12127
23662
24432
3272
8916
741
18120
11976
31737
25667
23937
13929
3321
6108
29740
11843
284
31397
6015
17798
2784
29939
20229
25568
14411
19845
13332
13473
24959
11717
29952
27933
25999
15179
6286
21073
10641
27299
5547
16842
3573
28496
4958
16835
19989
27920
25852
23694
32268
20066
5787
19253
6860
25670
7624
13152
24683
13124
637
31865
23230
4527
5197
15
25641
31531
32738
6520
1717
15725
22697
22715
29539
25154
27340
23725
961
31443
26977
6233
31162
12327
19681
1957
29106
15593
30171
5939
15059
13420
26601
17286
2465
15084
12516
13158
14549
4887
20564
20869
3176
9419
13098
10594
10990
24866
6066
2926
16677
10156
28099
15470
974
4347
1849
13344
955
16997
11428
12065
2090
12037
27202
6158
25425
27139
10539
3049
30010
28181
26828
32191
20689
32326
11414
15752
14140
1015
29175
26191
23914
3619
17034
30611
12271
21991
13963
7660
2319
27713
31629
28402
3352
29976
13167
7258
8438
4988
16268
25186
12033
27440
19506
13680
11801
23397
12374
29429
7925
22217
30085
6552
29624
31936
7198
19601
5573
22513
28607
9810
32213
26117
32765
7789
4679
19627
4440
1714
16311
24544
6765
25495
32721
23917
8558
9182
16999
433
3536
31601
27842
22944
16963
26001
25398
30220
4839
4655
20729
25636
27581
17050
8758
3898
15196
22875
25692
28617
30181
8541
188
11190
17464
4178
1363
3030
13160
2129
28644
27313
30829
23748
12107
133
7193
7809
20237
12430
9038
29495
307
15237
1901
31756
31321
31591
4881
3972
21506
3191
30462
19109
26926
1926
11092
15705
24879
12658
28937
13843
23736
17389
1941
28853
31031
13183
27375
11442
7780
5838
11705
28271
18970
4894
17335
28656
20071
29204
20614
1200
13791
17599
20107
29904
16949
14297
8745
4980
14604
32073
27959
5227
29450
28397
14001
25870
24878
20119
15021
3178
31844
18261
30353
22177
21335
5110
17796
20365
10887
28361
8482
20647
25243
11944
23156
9767
6392
13621
24351
3949
13970
4708
24283
7840
24834
314
25895
15253
474
8660
15164
19954
22581
5290
9791
21139
18578
23317
21946
24620
24290
8463
5709
24368
14047
21562
7329
30962
16032
11301
31902
523
1898
1994
8414
25595
6346
17499
22113
18963
31200
28990
16514
5522
25854
1366
18729
23822
22898
31108
24899
31509
32671
27757
9583
28693
4947
13182
15098
7033
18516
32046
30990
4117
23868
26755
12838
1988
20615
13784
12741
14927
27627
29917
17000
7057
6632
21471
20409
17625
14751
29770
30981
3472
25831
26732
10224
5916
23710
15995
32616
20483
3901
15578
14039
12884
28079
13208
13725
16707
612
1850
701
2579
32417
22714
23766
11321
12826
28367
3670
11454
8386
17519
20970
6373
10978
24722
23353
15374
31592
23354
22481
27866
12418
13232
31841
13712
29292
23568
29226
23487
27783
7687
14512
2853
23722
15580
20405
10192
11452
30893
15719
2947
19075
22268
17625
12891
12727
21610
24752
6834
23643
25537
22047
23620
3405
24120
29717
14992
10523
18675
21172
13954
4376
5066
9990
25422
13487
13643
32491
671
19704
18434
31062
11249
30345
3320
20153
827
7567
30585
15806
17106
28701
9754
12344
7306
19139
27899
11353
13854
21347
21834
26149
17618
13888
13832
1318
3158
14680
18960
29282
17646
6644
26453
17034
11472
26749
15211
4212
18637
22161
12617
23499
6196
11094
25677
16390
16372
21006
17536
6038
28928
14060
20508
24420
3576
26150
1611
28282
21509
8524
30514
22016
2821
24280
5422
32107
232
26630
11101
20209
21593
2278
7521
2112
21153
1711
21600
879
27849
20566
32079
3125
2047
7519
31857
5465
11580
28404
14874
25193
23587
10036
11449
31151
1323
10957
17429
29281
28416
16589
6615
29464
2855
9397
2889
29827
32225
32463
8285
7261
23891
14018
25585
17564
27619
21604
4433
748
20965
25295
15102
17499
6775
2487
20142
20822
30633
20731
6803
19924
4578
17017
14304
2513
26239
24103
32394
13822
31164
5216
26187
20663
24536
14971
30957
24373
24948
11682
14789
18181
16189
6113
9854
23480
22730
2942
13592
29917
15047
26761
29487
8236
22612
16563
10881
17412
29608
11620
11947
17944
31226
19463
14387
2661
22177
21673
28875
24167
378
32450
5332
9356
19594
10322
20002
21481
13540
29488
11263
8235
15053
19615
23666
24017
1311
4899
2753
30361
21483
20115
1844
568
1634
11886
7196
22350
14326
17010
13332
10393
14524
8555
13703
617
25877
29258
14194
15444
8333
2934
29547
13098
30723
7271
6371
24364
12043
5488
26024
6776
15504
16860
10157
11208
31422
18493
3086
26972
3614
1281
24399
2101
18435
29510
8933
27524
2086
6128
7159
2146
24973
8952
16229
12737
1713
15110
7946
24739
16607
10051
15422
19594
30431
19304
25503
26671
1748
10780
30226
5750
30563
24956
17156
11170
17431
22011
22518
3781
18692
32620
26936
3963
4523
3165
14324
17368
3870
20391
6511
671
31077
11331
908
19893
24607
29535
17042
16597
11884
26801
15406
22660
9739
24844
25532
9544
5568
12081
17346
16149
20217
21223
16573
3336
7856
7758
31009
13656
19859
17776
26267
18825
27491
3097
9369
738
27034
1513
12
8994
18768
7335
13420
19823
24671
20696
31229
27535
31174
26768
18770
29530
21835
137
30735
8303
19045
13170
4851
30247
4696
19337
6421
7623
32162
12908
31853
29946
6294
4908
2967
24702
839
25252
10452
14109
167
16905
29266
22751
240
28610
16301
18046
11075
14969
6325
19738
10895
10866
2418
6702
16821
21787
30565
19395
27370
3813
23569
20707
1628
28499
2234
11857
23576
23376
22381
31607
29995
2502
27968
11168
4103
13932
29147
30567
13353
30432
24631
31343
10489
26101
21670
22869
21490
6478
31764
995
16898
5420
2188
26503
24628
12932
20222
9731
10124
11093
29247
9317
16434
16696
16209
1594
24532
12857
7909
26879
26437
28645
16414
29656
874
19620
24728
3973
21846
4937
21929
23185
26036
15592
15078
11724
26469
14567
27113
17660
3435
31576
8018
24528
30726
17798
28940
28437
32028
23758
31186
8748
20446
9137
24049
26812
19369
18727
3407
15524
26154
565
26284
18484
3270
449
8232
15516
28985
8870
6405
27812
2429
30724
30895
32670
18157
14297
16121
20633
18602
13270
10666
19928
3390
21611
4920
27779
26495
18981
11987
1179
15030
26937
17829
10547
16897
25441
22873
20702
26358
21478
20442
25188
27529
20990
3165
31161
27440
32089
6561
31023
30533
14583
18805
15082
21163
2108
28028
30356
4276
16966
3373
12115
6978
3966
15645
15864
25645
25965
31617
19322
17893
29906
13806
20386
22361
15857
23652
26631
14103
16173
9611
6973
4532
29145
26684
23626
26478
2380
11843
25177
21776
10291
25700
10419
25622
44
19356
10986
9746
3984
4008
12631
8014
29071
9932
16839
17587
29827
24269
2162
4329
27262
15167
19757
29888
26661
2311
18656
9935
26050
19224
28473
5723
30356
25728
162
1402
2666
9128
30833
3703
28016
4823
11103
6265
31304
12793
10812
32608
12892
32159
15585
29424
12403
26438
2405
20785
10627
8924
15252
21
28614
28032
16540
2652
11280
12682
27402
949
16736
11211
4853
30758
3765
30230
1657
27309
803
6910
24168
10024
14373
5858
2875
27506
1589
27175
11855
11215
18330
8389
4942
30346
15746
29445
24042
15068
19280
25481
16338
30480
31799
32396
19166
4581
1800
7787
13197
25396
17480
22884
6066
12242
19078
31902
7530
7352
9451
14442
32337
23905
22547
25033
21238
8564
10523
27950
12940
1443
23292
1669
31458
3027
22039
27251
21653
24189
28177
25824
18308
25428
14816
6323
29572
24872
12838
29916
16725
15626
2494
31384
8149
4785
29845
14576
8564
11292
20668
8579
3560
7289
26043
6790
15394
582
11815
29193
18560
13494
24439
5756
31556
24662
9235
14449
29509
22256
15278
14756
26852
5807
30166
3384
7490
19589
15049
27971
18864
21962
5771
2445
9063
1318
31285
5013
18298
11952
10128
19413
8968
16215
31458
29767
11190
25474
1800
19496
31836
243
14277
30972
10751
2033
28250
210
25856
24486
19543
14793
14994
29126
8368
21203
2673
6513
11027
22969
1234
31067
10617
25184
17557
32042
25596
13130
22978
2591
10984
7007
22579
8953
31508
21742
16014
790
15475
6639
18807
29916
20198
19851
1795
26455
22868
24286
15983
1827
3837
18683
18
24205
24331
21552
29072
16629
17002
31884
10833
1399
7130
8607
13361
21706
24131
25473
1145
3687
27976
20758
271
2286
27678
19343
26089
12742
28319
17204
7879
20484
16538
12641
26914
28303
14190
29647
21087
12673
16855
27925
26185
6864
10759
3695
8638
557
15865
11965
32168
17452
20994
21199
9776
27814
20905
19167
12846
24668
21176
18783
28387
18908
24211
22262
5098
19881
26057
18373
29548
18838
4585
5614
31380
9075
27031
17751
5698
27371
31454
13483
20484
21165
32712
32674
14146
17610
12588
22147
27320
5726
15304
28391
22057
7795
2959
29119
30802
13346
24900
2712
17694
22523
26184
31774
30744
3240
12977
24031
27429
8908
31131
26450
17779
31793
20419
27672
5805
2595
16466
28033
12913
2839
9206
25938
24579
19345
28215
11718
12867
28228
25865
10962
7132
32634
30365
6317
5055
22454
8573
9104
24016
4504
8920
11451
19422
5890
24346
24760
2777
2425
14528
739
20543
2510
18795
4650
31704
8957
12595
11026
419
23637
28733
19194
12304
14041
32400
22692
9839
6631
5668
5617
4009
29463
25404
24300
29998
3430
3830
23050
15918
25492
22561
32177
12044
29130
11854
3830
32016
19072
810
32171
19036
29342
17931
16793
7713
18657
15816
7434
11538
31873
13518
26763
1561
22289
11120
19439
30537
23974
1151
2199
16149
3387
24603
14577
23999
13908
6344
10559
6931
15330
5829
11674
5204
14695
28057
6454
26231
21594
30702
15079
18575
15565
26018
740
10889
8525
28700
13772
11289
6666
10460
20710
32756
20280
5718
941
3904
24244
4865
25228
29000
17643
8875
14054
2933
19704
12815
4185
28026
19468
29865
31556
15822
11283
21705
134
19039
2452
10727
21129
4485
26841
10550
19328
22324
18001
17531
8428
6775
1586
27424
28773
32537
1890
24964
2455
32677
23960
8854
6539
31634
30399
32674
6952
30135
12187
29291
12537
5893
7086
21881
19504
18804
1117
30388
17643
32574
25423
14386
18359
31308
23574
13134
15442
10221
30993
4602
2486
25806
12176
4694
23378
15655
28474
26753
19355
32050
16556
29358
6083
9697
14179
29563
16584
6608
15068
18047
15793
5753
27385
17186
8981
19879
9127
16818
25564
13101
25534
30387
3913
21207
6953
6262
12345
17057
9286
749
12709
1319
27791
19901
27758
28765
4219
2197
16986
27776
28319
4542
27225
8012
30233
15092
21006
22384
13358
12405
14474
19519
25906
22103
26203
1448
3240
4126
9925
104
22699
9870
26191
25214
21645
16318
6786
