1000
29417
30848
22020
19472
29138
3533
25412
13078
11691
12219
1103
9652
5589
29560
4011
7720
542
15847
20925
1556
2360
4166
14047
2105
7018
2061
23475
12162
13701
5657
30646
30532
16410
12553
22040
12484
28394
1769
20683
25082
13470
29198
474
404
7864
13632
7932
13374
11722
17183
13161
28449
32229
5311
11244
9129
21333
21398
26937
22668
24459
23192
19586
21512
21083
21152
29253
15212
2920
28178
3944
19417
32732
1982
9351
4170
10332
10504
31629
14546
2875
15174
9089
30501
14061
26730
24227
1114
16575
28385
14008
13295
7110
27835
11170
14350
23573
26123
12339
31502
14899
2705
26947
12861
27341
32406
25344
3549
7847
11032
12422
10860
16088
22823
10672
10025
14647
7311
15149
1491
28945
20919
31958
14260
10269
13001
574
31710
29617
18451
6539
29365
4661
14254
27781
2733
13529
14429
14317
10837
4483
11191
3344
15253
20747
9097
20892
31795
11691
22134
29105
14236
21937
18400
30779
19938
26231
9996
384
11265
5013
10624
15349
6502
20053
25776
27478
32434
360
27354
8693
2491
13527
12079
9299
21203
11836
30003
10989
26446
24881
20326
30296
23870
17417
28964
27024
21633
23742
22474
7822
2302
6699
3866
10520
23083
19835
5345
31709
27603
22498
8150
9153
17430
24715
19910
19830
2737
9937
31982
18764
19839
17585
21673
330
28224
30079
16715
5501
7578
13529
26444
4752
1885
18906
20905
30365
5131
4751
24455
30787
25496
9135
13593
17401
25966
4230
13253
9121
12724
28467
15746
17505
2000
27923
18309
3758
5674
1917
28
17577
28467
15536
3034
23215
20391
18697
7668
15915
6671
17530
28651
32431
11145
13367
23659
3396
28107
25778
8564
1534
19046
8138
3511
14291
25416
4927
7491
24236
13445
31594
18784
17341
855
26155
4027
14354
15971
8738
29892
7531
13117
11810
1365
29002
15663
15586
7060
3658
20790
8438
27418
6066
2894
13566
6229
17226
8431
5150
24362
30062
23768
13998
3295
25440
2059
18226
20793
12259
25625
17292
10977
13829
6815
15984
29452
30268
17937
21785
19547
22964
30646
11578
30976
16360
24308
3896
23587
2672
30158
28822
10884
6937
22187
689
3681
30779
8025
6573
17050
2887
1361
32687
26899
11680
32573
2124
8282
30636
10167
30786
7306
1578
15700
5478
18287
10694
25569
29406
11242
13546
2796
19856
12439
23512
7559
3290
26030
23286
24392
15236
27175
22376
6804
3315
11298
11748
1053
17055
2181
9154
30634
1479
3559
11859
29207
2403
26285
17524
27804
2138
11890
28259
32082
29685
13997
2001
24818
26259
32397
26680
20960
11935
25128
25966
20585
1472
17621
25723
16457
18511
15062
27816
32625
16654
30267
28888
23047
23831
31490
17179
32685
23570
24195
26241
24070
20651
5644
13100
1142
1348
6344
169
29994
6374
22757
19073
1881
26750
22517
778
16073
6214
23189
2179
15508
20865
32589
28768
11564
2155
15544
7395
22429
24176
2789
20716
12818
29852
15356
13842
8091
16979
18469
2290
15149
17474
4261
24519
21483
6037
24138
16188
32419
21866
7946
29054
24732
17030
9959
21396
6031
10055
30742
3315
25331
25562
22111
25933
29309
5294
10695
11435
32232
23337
29805
27067
2546
7833
24498
17003
32423
22893
9372
21174
29409
18085
21373
26046
20752
903
16079
17692
14647
31124
3427
4724
17463
9402
14267
24396
3152
2507
29876
30494
7909
28974
22887
4011
15231
14805
12370
21395
1045
22638
19379
31523
651
22238
22325
26478
10104
26603
27854
29599
9772
25400
28904
28813
20978
15735
31167
32400
24722
20698
17930
14740
13850
2506
1757
27499
7646
19420
206
14440
5310
8961
18519
31273
2215
5373
7547
15540
12637
10010
10924
4550
26231
27677
10989
11879
5803
11897
15156
1730
17483
2755
23314
23604
11024
3686
24725
29091
29463
11928
25454
23057
5417
11148
25423
5488
21567
13289
11671
28600
28741
23676
17969
22072
30239
16425
22457
5929
20714
23592
28385
16265
132
31854
1300
2855
6478
19560
7769
6906
28976
24559
32377
26038
7646
18553
14692
5793
10330
2700
8913
20131
6587
1913
24869
31645
17708
12102
10134
14844
29495
3820
23440
29838
21060
3779
10583
13972
20572
30010
19439
25624
16947
459
3129
19585
31590
13358
15198
19300
15361
5069
11376
27549
5956
2937
29007
16543
14247
11611
24266
27144
9243
29485
7175
30073
27283
20138
16677
4772
21443
7746
18719
19878
1063
23059
23284
17304
11848
3349
11781
1376
14907
28308
3518
7373
1642
12260
16504
26596
9623
21072
21918
15988
15901
6483
7951
5617
28281
27915
22980
6014
23306
16618
18867
23628
18709
21167
19699
17443
27404
21908
10784
6718
16912
24009
7681
31836
14516
8226
27752
14356
23300
23053
30810
4713
20422
30150
10096
11678
30463
16078
5245
332
20921
15001
21873
6321
5892
31110
22654
2891
6715
29717
7289
25509
26248
18517
18562
26738
13226
27547
26343
31704
6134
9337
18246
1294
7068
24814
19442
6185
4396
15579
9880
20531
22361
19638
18467
3966
26620
130
2012
6711
22620
13055
17878
16190
11948
14622
3209
821
12501
1463
30141
472
4214
13694
22186
31116
6185
5940
30557
13626
15881
1050
22877
18525
16241
7339
20879
20826
10758
15754
31063
13841
30199
16570
15104
3761
5507
24333
32094
13008
7612
17887
12977
7355
27787
13571
20173
5898
28661
14590
26744
26744
29340
21875
2580
29170
4489
13279
30078
29422
16168
10887
24373
26622
30612
12206
25791
14245
2581
3338
16968
8553
7144
26489
2957
9001
18494
28401
27640
18609
390
19125
12812
6540
6127
5583
10756
6425
2345
32698
2999
3298
32108
25951
32703
32040
5564
30275
32730
9155
28523
14846
5776
15657
223
2543
16919
28620
13206
21294
32371
15785
24422
13506
15073
13341
2826
19988
15990
19963
5594
20900
16388
15325
11994
12283
13629
1719
15606
28385
7451
16562
7308
207
18815
14391
22059
12455
27672
24905
12955
30115
27270
26905
20509
17291
15807
10196
7411
11052
24754
25792
23331
24325
4651
8327
4473
28739
28151
22995
3531
22512
8520
26
23680
8295
15963
2236
22867
17163
29527
23115
15701
3640
10361
553
20017
10106
18798
26713
4788
32253
15872
30095
12429
16709
22005
24457
22353
12319
11316
4002
23746
21464
17706
22437
28240
31660
27756
26847
31712
