100
22868
19171
20661
32300
3503
22880
467
14167
21983
6654
6056
1287
31877
16174
1015
14019
25755
27471
15790
3470
6569
20503
29373
30313
12347
23861
3112
19994
2706
16948
14427
4652
21914
18339
28607
9015
21020
17267
10122
31841
15925
11424
9947
1061
29447
4628
12806
23123
2734
30920
44
18264
8821
25900
12048
12480
3402
5065
10533
14073
2672
9508
12780
24666
21620
16614
3196
30051
7266
29755
28770
29255
17720
20344
16556
12711
29595
1792
14657
13473
17865
7016
1652
11273
18383
19673
31448
9974
30716
23990
22357
2689
28565
26751
22907
14025
970
19702
1047
32059
