1000
642526357
866104412
251297326
913837901
913704602
101408795
143424346
173564913
964217155
862806069
353397349
296279563
133207910
616702179
460232710
431264178
193961423
875281722
844547867
925838269
512396170
696741949
23236085
416820190
683060410
965787682
464214555
330987504
57535019
495762506
353778193
700061376
214383270
605075520
466415629
128087872
706484315
462356327
154169138
670701470
177678749
360082839
966981033
310886659
976785019
279730095
742150837
170746442
7528169
439215057
949101063
519924339
135957006
972337148
936744529
671533768
790641183
253475437
2521273
700692554
749237943
356299466
253270282
963621214
961374986
719685912
944225438
520375653
34558591
98394576
43593475
212237340
310993768
10574509
523124000
287778787
142820956
117791189
311041581
150349126
557006246
260142645
670273465
545479605
84996145
459534347
217013373
728153680
713009784
72050998
428846234
462247727
428350465
682116517
278385293
242241803
254318781
222610732
762617457
141393724
173521660
806210932
353631065
484515428
669301793
729271417
624810567
664639102
847062606
935852149
814988228
404068853
48511146
337778045
949548458
133507291
797312392
19078183
861660972
362838528
91129182
143023558
825086256
371995999
677656427
103471549
614237802
931975208
178598633
229371611
73368933
204636646
888098896
279516350
689152074
409917041
8787767
166478994
74556143
708366725
102331143
742060723
112435578
150842289
79838769
914500388
136865932
729667513
786094924
998526904
92506042
877224106
994066815
770108650
101736457
671723242
726096551
715974259
456214803
757211537
797862223
382100088
961848183
685961119
514132790
503516609
95878160
375436909
669995603
22950656
83803634
772326746
765011379
48755565
775685387
697366500
815772305
912551320
279550366
601867229
763594576
224572760
331607687
757661391
847197762
433344144
281900986
425810665
1834756
590632141
183022202
799696979
972732229
144870385
338174450
339381371
500903347
286568962
714818280
170898950
162035970
798621914
795742049
927047350
699893831
571427436
476930202
515666137
336495108
608996920
970049718
100089685
833569680
154173758
710267428
533283794
587517902
992168414
959094460
441869010
435316907
142116662
94082341
260565488
139503400
432256791
599946859
492923099
571342106
314765139
663822049
733378076
965903406
312080450
512941778
665797237
883507887
989871981
33979726
72519347
451385253
4029445
172609032
137471286
10719555
882876461
670755080
598237457
727561227
629849540
40106468
15394487
624482555
134188809
275959975
616502307
418961953
875906835
109425406
990304059
43188326
625763807
576198487
9091732
937844258
89140266
527405322
673868497
931528599
561385048
746387844
382913852
417930845
771513229
520385138
428650400
506906042
43656571
879404210
86983621
673506111
772027030
102378108
150505018
758732191
378338084
619523677
30210496
254244919
581465435
20514555
297433245
59745595
449229395
159041330
997589853
538369661
686446652
523974702
322414612
100348052
122878898
705328464
518278898
894392127
78229955
799445650
253814521
121886526
678849860
340798143
647908989
303393242
443176251
798414008
62125434
821514335
270454037
92335930
75759254
851919473
965366838
225708852
911665068
414596233
384750182
761771273
805482246
71196834
138262327
127896858
24061238
261141225
685741674
542340136
8049705
763971629
194302139
261864226
738374507
873151999
602662369
386283497
29061594
45838621
37213857
91187028
719869308
307667894
36039310
648144915
12103719
1406148
873853767
923768787
268518733
111120301
685540060
74000979
34833487
823802387
54414189
58894725
937459965
740155864
453751214
945509670
356643845
648053353
59890248
95018353
373721704
515068970
333818202
402783298
413423943
371032059
493970326
133293251
531216305
530009637
781438166
543320025
383932137
507808285
467088812
652450871
471444938
5145225
726451850
506278425
681463964
780866040
417689503
618923929
373538256
871440717
416949951
730182101
519494070
329356552
825200454
893215774
844425522
11535008
148515425
257849465
382567067
642485751
243659068
913783373
25011740
25097235
309619750
408943878
385421872
776708562
61394749
856866811
634370139
640362951
215661588
315834104
273745343
633351091
787274385
647283599
357308160
56740689
229982053
876802230
386097241
55182507
622534357
230522763
66717516
771049782
340888580
301800935
266051885
584547648
68100660
143579978
462161235
377720410
552523856
847583108
6945325
466434957
556966271
641315464
959314260
625144211
809665920
85575956
111011655
596940306
732859555
468319815
653680995
962841608
197638398
39778236
870540468
820172755
122817351
789774336
443738889
463705931
944091623
562307126
48253579
12192284
705887104
362931167
242429046
110927312
63030627
101890723
577362269
619996898
743206188
389192882
97657461
405388460
474768838
208669116
2328766
60144745
676988932
508526113
22986354
874627330
400820701
746043174
547316437
376154404
388333862
991055326
839860335
184941837
405878804
740630267
49650473
111765909
103561434
292079520
222693221
19108413
393970243
652571843
639105311
989692783
41764725
736762772
395081244
516533563
945431889
249926362
576678308
474937173
610968828
452181014
349564503
11789529
50740540
896880940
240460286
291590754
740452618
80320621
476532592
146331422
673467240
526183065
110613683
629545026
818262585
185823257
648653439
64749181
838395100
140275102
54441964
880159825
729554227
302039560
249209740
527502468
404482275
678404400
2439641
15451103
130585415
204520496
879756984
33842307
101401436
120217270
325433062
694370406
53054244
801965654
693218180
579037836
180665071
656348216
61099215
998927657
842171473
709752654
916193190
680566573
702544109
823151506
413242750
432098336
125191067
514968842
959600804
382189694
193373242
814556797
397640797
176475009
19077293
129914133
62833669
972995081
250131404
388266731
519881839
155702000
42748737
65616371
734739836
223413808
721964587
795839051
74857817
564136060
358108058
991051007
97218985
60652167
666718866
362978087
345266855
644426285
877946929
157384011
26615979
71320172
971940808
276773128
100311533
991018101
406687261
163145202
816529534
656818665
403928285
336411373
812520665
446677022
402027744
399776854
522607183
123992332
195615905
597465000
540644744
553723963
441032360
490380082
466892482
107751226
853358169
812159337
604693863
731305099
969543348
631309842
655141623
941484156
908082970
607969508
785018609
167286583
771114711
454064495
824105249
27559348
790475868
489142266
474236371
45019965
888919120
996843554
21528649
937051378
446824906
414689745
343291693
740373618
905069827
810184176
700641196
758427997
622343513
305335059
342249448
444403214
789161253
849907423
238403722
549760575
457876931
23422332
717047159
81507994
330003179
393668760
109067343
120479048
882811026
435820066
18015365
624246499
285179972
39544014
413814229
732004878
306750111
757105922
324894849
211819939
567290098
25536045
822764288
42149964
183387457
17530088
486553178
972548710
867437511
724956900
522309286
177830794
600895584
91872797
259338789
930898764
485541557
220922484
903894164
220868935
656742550
774425881
845115434
941922522
666486247
111446015
526443752
973236358
868551938
851338601
37572649
288358388
876874647
860336937
330508352
60262104
877867025
669577882
885327166
745304536
247051135
260152804
923135331
847946719
352025601
34990472
631361835
837567158
255912956
387772351
58436094
912655506
14714584
756067880
707094380
681200831
867513896
233538132
654437190
736065834
84876734
692009839
24424222
814267733
404863129
207448927
727046189
282730154
877026809
464889707
880551043
124077944
725042512
656202726
824541016
77068113
691193198
308419203
914635272
799622506
548707907
825587718
564794364
563422491
581655598
271888744
244623323
301685846
357943228
751576865
37751680
295336314
296103056
914692255
109604047
700966185
974657534
689166588
983696340
704200695
6572648
716763735
680794992
731615160
372966461
357852360
808683273
916676011
666271563
575834897
716298517
67495822
253938967
133609233
630918314
835594566
405497977
875541637
137280412
763441205
479634854
27548445
58777520
775737910
794757052
20897919
476704096
621930938
562580860
312916788
326131633
569153508
29680523
6926625
153285020
255163336
217295337
961968293
24355699
883566901
390319543
740654216
951062723
644258510
874263449
434497389
332369428
132277778
162555378
322166193
748235335
642190232
202230990
659529207
417928143
849504394
532943479
747148591
471435332
95524339
60065379
650083317
517194199
942262254
509526295
670479219
49941942
726821632
484963864
74297641
462904885
727799759
667468209
266483961
224574622
394248010
700981350
556944050
526525788
863536729
731626595
127277475
505726961
933857585
786806683
776171456
635878331
319750162
523320047
107313663
267790853
435901778
609913333
637501404
230680384
119439628
160496975
133138678
846261260
645460839
207436319
161682498
225776951
874904528
428166459
450351573
121668890
129147809
7295623
648194678
992684538
591438571
775472154
350927852
377812508
414795189
127099308
13690840
734545351
502935708
973520855
854852556
791353838
583434188
492353960
22034223
555390168
652850935
7689253
254167781
150828126
215125573
415850279
376605077
942546453
844016738
826956650
64215344
973164547
686768626
564926374
818365438
130723549
192914880
21809642
508536057
607710069
1425302
522226897
194771772
356877362
348264105
49624328
148231201
931698293
394494640
22781776
339604814
47345575
30471029
593772595
50690054
98112954
9622874
279811483
40659408
853639612
106768134
104874752
679320511
646053112
522317478
350202301
776776661
715232359
224528295
137829070
322942428
225953598
660055968
517714201
582830960
8320073
419854881
583578513
792534718
814349522
606360289
132139532
714211449
489347671
578428479
764901503
587460625
588051353
44712987
628120033
294207317
3997473
585511137
826044181
502566937
107828616
