100
147430841
666712054
971389414
421746696
107711413
774205977
87899801
367420677
364771483
155722091
505478548
874050561
980207066
536110280
889973299
803633332
921676392
232823320
985152735
622268809
993254495
620651979
606929545
845642871
117629294
45541582
594712732
269865762
105397061
35545995
22977218
105344255
702258049
846882984
527090951
662485814
473605314
467507105
29906491
838376797
623229196
387901392
564943710
455952615
924011672
307433361
112102299
698204416
540256681
97255034
172989578
386027528
570423365
779919123
84186751
540569011
677977057
678899483
810434773
635890471
714445478
685928343
741234726
269219879
385327680
120842029
931705694
858932994
440865486
814128537
549826143
64094683
54546281
114769853
372563650
978557953
274719566
484665949
529278722
667492599
434437335
702268300
53520127
4860700
334703775
137706878
545429711
865197184
669122714
208380836
353604007
236084544
894309179
94838733
505304424
279636859
68197115
289526470
138569853
509062601
