10000
608055221
337660696
402557295
324076516
300956592
808947650
177379241
660904455
249381781
733397659
359408346
943987445
769221103
461694075
515448006
983044
147629975
125491722
302540761
934134760
711487721
582520095
727602578
976282773
46012474
84129426
486886342
821232166
619444738
331290343
150901586
227499959
668951039
553458881
404092827
822423983
214922884
581472069
335844791
464304665
314869728
695253137
260808462
936607183
9463564
776256468
937590228
157093539
901748190
92647341
91228299
465752264
675167436
671347229
294551389
573696262
607993008
781437731
394928428
227437746
112728074
545830015
307454057
634195465
951805248
711546885
309135801
19244484
293018954
644980592
483549149
460405034
192750081
744357611
397012218
202213645
373130431
187118798
359307184
274878622
132282491
303051835
740630886
807449928
974399065
35182275
233662542
582392073
669136358
628590971
662346171
634380785
26937338
969800228
121092602
978742586
681347113
430228403
997987071
826882419
75208995
334052572
287287454
267959076
930926536
536816024
470172721
304056967
723934822
829479905
431451941
856217313
132531741
24599179
516183593
959447158
59781454
749846136
394355583
581434165
230953459
56701754
215814950
110407149
26501982
336907552
89149735
560365448
767135956
939653158
239764219
694861303
126222083
527051673
962820380
57148619
63867697
285509453
213721938
640318871
967505711
645173880
349052537
952553804
669773059
717752482
912000962
582070866
320114970
158872897
16021383
551068429
215574651
231836333
661475578
94592985
421260237
603141666
507474785
40912545
395311176
747239005
735773849
374049611
126807030
551110581
283714582
43191080
836620034
497436521
683509951
656642097
995126753
885078840
609195901
517416164
602831323
373713215
99487030
922946293
532586112
115508413
326531075
600677115
199861098
840523005
695270101
621121336
296181023
55261238
662033881
691492200
802500243
250324082
65541811
929307274
801434663
201772746
972498354
490571050
699209267
508524657
147213147
546852372
393603498
608925401
64268536
848951173
982638616
16271919
624413818
367741081
984296684
950944893
968418196
36674135
643984251
516204649
657795471
940165274
571465888
172345704
484173826
226482483
422669787
402231990
155789757
76620802
604004736
128288111
567191852
155730355
489329121
714405000
702582727
882932619
175846753
766851263
584400144
11001721
635639534
208813962
378742802
619936219
12275208
199677351
656610354
656259459
568398352
166922177
448941085
139864240
191784233
933114912
218863076
614454020
335346902
374652833
691074823
939351638
355457297
110783027
95081993
844786418
825188027
650181072
580235389
1034780
269548687
17151885
12036502
905188222
225965847
243295656
377640793
90757407
295489359
34251147
747016866
863887712
53689676
48474304
856268304
245473909
981589216
75131380
712444282
169452470
302300566
256035457
108804108
657757863
366818484
56402453
355060633
44522864
559099877
787812374
45557644
828648564
804964259
910110498
733836786
30930106
5922507
111477579
121687514
301411866
998245078
721220732
17815930
904451106
769695036
874084235
2441368
603800604
949215615
714885650
773253074
104032533
970921107
734573534
761790396
337739591
643492339
969367381
382262455
202592216
757179755
280336452
31240781
414660366
42963302
617593919
298106825
48885809
581587851
272310691
202814028
432349281
993531423
220629958
189316740
615742812
94714193
191758108
72059768
896446161
906643758
845312843
478694
877564865
579886377
614785443
67820808
75895069
436669176
302599616
278487285
46365284
582936068
162244418
461025650
478415722
632354690
759132475
379817884
66458893
31443166
582631912
498808174
877490942
655778222
688124914
345750106
603008768
879883022
417809874
351971281
639043132
263122717
204966327
369124349
695525447
819751770
436945158
771420516
108937299
739544774
49907801
155302583
174997194
64668572
616328233
653412916
697023262
375460709
33230800
763482155
259420227
468379064
114806681
136911169
124157287
655447948
482661275
579682407
387847322
900471150
931653688
26890455
16110219
136620015
396014804
711635666
808888138
685476314
335572534
917825437
277537440
237996688
73128020
452534634
302665260
689456253
958463903
852204874
917433314
844211055
468203381
176853542
165106472
583010062
166281063
141780111
90974362
648942339
721462518
478821685
401929841
653116206
505712140
270556412
642252573
754243296
982192079
451140711
439719611
170280965
221482500
717257051
408277653
294610520
22308038
710942913
836583126
980771941
415664139
754016440
677499348
883867520
783386334
842605820
319393935
949667398
984385931
410368297
451126089
705848449
889189982
853055930
211481007
247418474
123612342
853733581
1661771
958320773
157390644
293897734
128601739
378873145
11154785
389395744
526000017
885979175
100338658
362583143
719267468
368519149
969115936
396766817
252386670
752502270
91888989
571780605
554686020
76274921
982148902
5812109
634639722
723855237
711384391
846120730
971273711
687513086
552370663
972935482
498350211
562277659
119349568
479468302
941150804
130504354
868864047
319667174
868999881
821719057
682250317
588267350
190238206
503882605
837550519
295141228
108901228
929439508
866921833
663587248
5714429
701587088
669399358
492870504
277958677
233300101
191507586
249232388
920813187
743878249
74684223
419163399
158672260
194033791
898631701
99823065
177054497
620012100
272006591
46054379
441731157
954256908
486838081
484485716
310655866
176904952
779626944
419557094
106344460
499065130
83144342
964575242
53168570
605060052
457445746
331127247
838360154
648953332
580359635
759173341
245347933
507560210
30853092
404020193
701594002
782001146
356359610
731164851
402013246
628366201
629735582
696260756
435139462
116573663
180746472
745795328
145994967
960373416
17868774
252339428
311954898
101013116
69431022
365123468
706073169
526876768
696250715
396949675
28346452
129126703
8639368
126210737
636686913
39492461
530230930
190797267
821493607
739106893
921962119
76023205
219989446
551697701
772283961
655128908
520787717
805546785
253440588
666782684
618436554
271309362
771638464
930391452
224838831
841069486
295514921
930912000
220462606
991765636
180378027
248809058
120892339
189017395
375019795
610095605
228509856
757767078
800892872
902519815
496873971
722854991
978543021
716863417
127069045
603343334
224508678
500373114
261406472
330465618
19672150
879843026
601774981
791310615
810234478
826613812
632380101
958265751
610042164
852842708
802547740
790420191
954168118
775956431
979437586
181704266
386052036
60463795
939471344
39461261
962983610
288861667
762316252
794042983
5725084
741901649
249902670
82750114
242274763
511309142
413215733
261946914
243668520
867507066
53257529
53902998
546637230
538153982
864685102
9195746
243513042
667232842
799615937
50197513
295705625
631569875
231901779
681757662
544550022
171373123
721218923
360049985
460234790
336051527
6609320
318476226
77953177
256511990
253742693
172744292
620337484
666958426
287207558
864006004
386981844
192981439
770425355
933619074
731135422
635110457
942814820
827164816
154859651
594947109
877362329
450565276
79033336
109264108
984839290
623583359
133153583
558574565
983633344
593388373
894626093
990242664
764380952
825095622
99271007
18123645
850356266
719608491
537598423
137563825
583614496
924580267
330545264
206556203
858199341
914197038
841666660
653530513
741361855
849042663
248477622
471240536
152124291
327510958
580504645
136963582
951094317
713658228
695538147
787244013
159562954
442680592
777486678
923943906
120292566
876757685
794583903
970648833
448882528
332182326
960729010
32497024
109278945
143790626
91569579
967478286
57987665
933236239
473525151
651865872
634795254
722002773
123106408
786919546
902030083
556127405
923883128
705640753
122301986
471937627
492884766
281864940
767134572
122887796
58325198
887427138
852161833
852909101
710592323
301044362
37607779
523837685
186057738
146886724
667628312
277627318
966881362
725615977
63379909
440406513
229998201
698175164
14925638
353104609
337611062
916955721
909232015
114010542
475112826
31534001
585948169
967997593
165915293
205599093
943401741
76756843
93026232
795563575
929665944
656134907
949124289
819790075
32488945
135182027
966676799
700117257
265325697
786074513
278249586
181221959
78997378
508247787
879397123
93923016
861352396
69524537
863395089
623100763
183535079
338507916
507151116
769483248
159021861
525582761
975082342
102423602
602339604
920624926
750503529
384521900
429276185
552144170
204311975
461765130
539842550
23505126
14398739
805168247
809579639
292648325
986390206
888577017
800896112
718303681
835016385
514764861
787828218
698411475
137865624
971363297
889435743
497533093
593362898
48457604
23115854
420961592
3397558
477971811
194102870
606417440
862493711
475895407
11077962
66805687
937660538
550920512
942827165
952059277
208605112
604923157
97223955
47511670
346016526
898120067
765815352
181032912
412884928
406159922
731960739
403266905
230039572
621396482
753316350
675918822
522370438
628948556
96880414
378284348
106920367
143499636
837218140
969414079
619395043
848296103
888736118
409571933
399216615
684079635
214147563
607821727
289002792
311371518
655333398
635019319
62007937
273665102
668568583
474892866
532341376
400529322
730676123
762380948
874442156
483992473
290816122
249328946
112941029
240212888
627613294
72377749
383712524
317347787
894308180
855623920
165643890
635560650
117712205
417376857
319640285
331859768
25198585
461159430
495747638
533048335
96178749
557755576
659229789
617263684
32648442
191571165
17793006
615840917
806468466
744751514
99833390
97284588
994080460
65290771
337497477
474210106
990184872
573726353
791557893
884493052
429350273
957201783
372570054
547062479
227094993
692210340
731438599
104809930
5886122
227186238
637858265
102064871
784941814
149604406
571844907
670106608
341175571
442154265
138463877
160389
186905779
90813619
97444978
33502591
8620742
287458807
507712697
998805615
861185160
299270591
735815019
143051786
108988726
108385074
690114265
336083719
653111766
274069216
440893649
658997888
501255454
931268266
613579111
138713620
80872672
185424018
661336580
274564596
627578283
799800457
274724985
667000414
890614076
372169963
700503005
899234819
659628770
208215702
898040434
373330283
360002645
486371805
516382069
468991372
594756879
59012686
657591443
100384997
333081902
98485093
759382885
834337357
882269711
372961996
825567329
963142384
410902366
486903910
90223332
38480649
139220719
364948317
557997415
29834796
737118281
258500420
929069615
249263403
319232475
679626401
622593686
679235120
18514558
138975755
742844
613271438
50504793
658334288
713656435
383586696
609335733
325555673
70440405
491605444
698517669
896007734
307264180
109420036
235427996
397487512
417037
374648716
762435830
410930805
404483512
352070463
669431225
186069479
453850218
988663700
718212232
76443905
520415173
736726790
67936012
521158017
202514580
118440806
179492305
916171016
354543854
788828038
94243041
424984259
132949835
792760710
320991993
292730367
754697098
556419990
690217880
607630488
931068706
305170062
18561293
188068570
509756877
540508870
226654401
963607095
381688923
944866633
892567352
902104096
681593423
813019717
275778465
884108004
783976875
455270771
652795372
138520729
96615161
747038413
563504988
82081348
392315475
737013333
374811716
999528926
145949675
65029596
459675766
77018381
222716010
330753411
117603303
732472887
871262281
344257704
548596334
105467556
141640689
441163687
860088004
823234113
106699756
135866470
559858469
890676631
443653593
65170193
29197360
540268754
664724958
445218700
622350103
57040433
34748385
997161819
909085711
180698061
914707767
368761477
110232794
989940129
699514888
227836098
574929368
423293522
424610154
123525702
381277430
566250844
417205741
241365435
242001309
523905497
229748257
801859778
414582128
673401850
719546323
296295840
66186956
384271281
594030892
688537059
293828066
628779278
538215230
55430130
809477339
305439349
424191607
919710133
147895830
976222848
62583
722825198
252032722
424672738
846350901
633310152
990923582
116072994
874675587
232924891
639978492
104423844
887301021
54560620
630342046
606847344
203372813
696529003
843634977
797403705
237582414
137463043
278699335
775797645
45409525
88176674
933753346
469601133
7886808
81649177
298340333
7949391
804474375
550373055
285138481
503341628
183683207
276062063
619414623
910875147
361503306
111909467
867815343
248804327
18986439
498157390
708168023
222359252
47202745
551803000
872279310
284785159
541782396
150978645
60582804
587191921
91671672
846852503
909309406
99558480
928501680
207649739
960024223
585492407
758022794
97679057
941350388
794222354
373741120
413281363
705097501
735244427
525190830
425429196
836565106
544177269
923586586
544733130
766536522
970789331
949052482
491332184
108090843
343351230
642310829
21189999
930543152
733982501
868042502
692368910
686057333
649060534
900018650
498597909
87069294
510557796
596276966
28419682
157296502
822534438
441701045
862394003
410295217
966891875
140339552
246860324
363585496
63926138
644109806
130122018
887231822
593162288
473970554
995322665
936513519
116281384
16512664
719573023
702780237
737071519
264458285
241353923
386132053
16993287
592468184
473201347
527551084
41261502
354137381
684847586
863795940
795838426
399757942
274091158
615246653
540097494
373467834
978832150
456539984
17577640
961470520
196288158
463256280
287957427
44127175
252286151
256755163
913156192
971859174
959535400
650227711
88833812
53405675
888876116
105827099
645873859
214593816
633378183
687135361
568731197
170742122
403447654
217085976
423016416
677538812
832332629
963113910
51006646
663681131
272170246
921100638
477668004
320974757
384356918
765625431
365101932
636643070
22380594
130774476
461018596
834432346
781002187
549852408
740354374
522394656
655679508
238744585
736988472
141574043
925879947
305719669
164832517
181843953
522805645
587848933
859382765
207654627
403479195
762905763
723852110
675649442
536522753
54036466
996624199
920879671
819661897
214242483
410039093
694558843
345016960
723574042
381507542
978535499
125942802
121861916
500930155
781622310
213122853
90434979
775712706
139002800
396154649
940545223
173363105
771476646
528394157
32745870
979131273
931873352
648167985
555499736
460039146
37207090
609536202
309179697
958086762
281714452
375938533
220642207
976273295
720955493
944216249
210297189
552007344
70159052
184675457
52937500
704297714
397798311
143372479
332526772
389317463
392043480
273071996
562680569
16036479
653982505
447942791
995167752
438372209
948627129
403183840
898411356
985834219
12720043
60107405
796437333
294434495
436045938
17079541
123224142
9517783
813812142
186037684
561525128
736487546
370713141
466978980
293301613
621027804
462867811
625828385
10345268
707427644
751416733
425542189
723464123
405399238
726001332
571148227
843771448
674628461
974332068
594699156
512979033
987052111
507322913
309416366
134002958
943368852
179012259
109743452
805402987
845340754
295781136
219444467
434344652
666494278
686423447
727646265
140038434
1807611
205991003
2900054
709235255
957407736
428442243
285215730
215323327
6959928
856363957
911611127
681588389
830696025
358826635
47083774
670264488
866149548
356500141
656783798
662034752
388028752
766527251
467437740
233369506
62308387
686882207
667714159
581319017
225822007
247876776
721357452
80145970
306384131
724257506
789381225
116308220
5216102
74596955
331631547
12176030
783477264
95759026
693764419
466689642
454585661
740848194
136954130
320735209
949864687
646254281
982769962
337893439
412781532
302724054
423779298
327606271
842122613
91493457
908925289
67944620
191886585
630282741
606942
498270717
207056599
789988167
614578937
212272701
717101474
798726836
224448731
353095091
894485862
918213151
819784733
349071523
511577697
809255215
522323084
313958736
455509496
357609398
651852175
720807380
660333452
75631473
48413652
354972418
19641282
957338941
275433390
64044220
440138034
276040333
414831289
647194633
66028500
29410226
859467335
635646327
680653414
83916066
988741418
575139276
854645569
661042503
776727151
218739618
470297718
299050235
532698354
778323567
656659634
37066882
499130947
169509438
965214707
400060951
524481856
837372342
209916244
799915247
901416562
650054278
75955580
168764203
149765264
994500432
50690781
861748951
482663111
731344195
798181369
323920881
158999823
505343291
984963384
935726974
724082909
307777455
87293561
109297616
86101022
743953195
146364498
437748321
765978986
964095557
837809273
142977194
801467899
47725517
942892441
555400813
550296148
871364373
724165016
552577764
718381158
774855797
414326715
53560621
358716344
65024436
229997855
517716167
570367727
67477591
453443141
146966989
375255046
540736703
256264605
313872420
137206250
255145455
604137094
903185236
71757364
294462719
46162431
873225264
194704588
841571224
281142429
745000736
565451950
857823798
150094852
136349460
485195947
564421567
42426433
843912292
629446004
272424288
361628459
52330083
339901880
667587953
199297072
715156926
60841008
455561677
881545699
198047258
563223484
485682793
953748847
634980849
780145512
852427630
360722465
974850100
546515206
641864894
572367189
111967156
352205044
722462041
100832968
837400992
139399961
143259402
681313284
621362317
415683690
895458095
673692400
755585570
563046048
872989473
323258849
623887056
181067502
57320900
674450667
744290987
543003693
628199514
379271836
175665557
333143496
739994301
3032009
879658702
234375547
427915550
844142211
586580592
2893944
944975179
276497936
142293905
940750933
957811220
763656222
208950976
705785667
289864974
964536546
121348068
162854447
140311747
745235124
343921950
197632647
272202143
88212937
593152692
900401657
320001125
768818249
86061505
912511778
624366611
965720208
146887325
52282161
809862419
585984269
55176105
607353950
862482205
49986362
400621236
672809777
813642584
609572212
231111797
103507559
426625110
352459865
118878358
566936858
97694989
315316660
617085857
222413485
256045949
210238550
122815142
576047074
831573151
61393000
341075204
455939762
27113208
340478882
360738276
689491979
926463151
415914381
149362281
641461709
465900744
549983517
166787838
132059680
159555729
397899635
88083591
586180840
750359500
59478302
5634050
700570842
374794962
622719907
922984327
630840912
685474809
898315821
59404338
517047961
959708821
400479543
825504075
839338381
740958425
186242351
528830360
519937928
454673085
678192642
13915989
920573829
80692511
180703828
905149861
240248241
431119815
993233453
678945433
33995668
52711755
684579483
734566510
280023069
159815742
510067189
910863981
845290552
260899362
970268320
214854865
73124536
370747863
40358940
912462917
111706288
79117644
293809630
484160568
533790729
824518624
498076558
306880910
905211135
678780386
64547123
145459376
109900201
57780576
676921161
143895869
963008683
214016996
730978731
95548105
373832739
93562272
6412086
71639643
206977987
976680406
139010860
280102523
199944621
31886152
45081792
164167261
111003796
191407774
648327830
497310877
15926398
146404388
804191787
921137534
677701126
868738911
919113262
640117679
779035839
448550776
636529901
594560875
662567772
220024984
690108980
36400511
166103609
549037418
960556506
373081596
378234177
99567366
653184119
578178798
131453519
550782263
594862412
94973667
742190038
95706594
592284545
758116436
94627334
248992684
531770322
772328460
117731595
303399937
264962491
749283787
751950713
754008744
196361014
267034837
974033729
738986346
155951701
140137338
288023764
116508207
365735286
666257941
68591926
18919405
96953092
200045445
422218020
691815504
295019112
164408058
787522098
887303657
775040847
882149432
136296342
159327521
506994244
106544289
462727458
624473087
708344428
67194523
378481832
757221794
334229361
205031913
496208140
490181062
197685603
636748257
459205621
563420889
155522550
527797547
434856646
252475642
727842992
857074666
796807498
875378457
873999077
436845948
615198466
649039924
171511732
604011160
808367445
678505976
563071802
123611256
155495416
123932582
43322131
533977248
881154377
377551492
591525513
229878869
720248906
789211116
866627126
179454528
205148357
22149677
707252075
492521355
127141671
287611420
202112373
923949170
15506229
76111450
360795118
630704695
577667726
532306851
234715856
238551524
63329179
797787658
362162780
218824595
921720240
405484911
605318195
655390969
635552756
196843708
885269839
355801662
838571176
751896965
387772542
43719533
626562994
95024618
388757240
753704666
235152390
590869614
677653836
250658619
666981064
890965306
881363314
97165143
275788509
968595522
335716667
339117689
618899532
697879447
410458636
393136125
955880710
15776832
48527094
591433466
65136892
933796933
799751481
903708069
538210251
187524023
799943954
17289597
135064993
188701195
770994263
222733735
779570809
301164451
473392354
299068225
192129758
207272021
396233368
467918267
28383895
731950035
659552308
647283428
282345834
70010945
40419553
90742897
85787777
88946647
682176363
3441021
875259933
334444196
907149090
265986536
521968220
707093045
283276133
509549565
748310592
54270397
732283301
380397753
207951200
58192007
679465978
400080958
265464028
928215699
720515578
293847924
512682086
380067886
941131352
795027921
302595183
834067257
885770818
240899312
775530256
420463533
244340334
503306541
754907730
151489424
769293077
129392302
711098821
905085563
638941867
459409413
811872312
223741520
839807166
19823512
281933528
371789497
272420823
547397556
152521548
992936401
693761832
665203634
225520639
487409536
312747907
528115823
321476793
51035077
769015135
97007050
471498611
13355469
452829943
78922693
17361246
74639373
60831347
728460067
979724936
699773214
40385833
791597248
923514735
880192999
663937112
57964615
104498848
936357935
605362171
257020396
929294336
151640356
922224031
7331328
639049892
87488290
535447151
960526686
138523368
304462286
910050088
610021979
170334108
215396383
541461024
187695354
290035756
602292371
916155421
269760692
154581937
956541254
913874292
78096672
689250606
577811405
136061287
793749454
366685692
593939811
903286203
148496381
745580167
678026586
155827709
237146411
765514876
691274860
50189449
904038244
995737146
960239537
366576575
18587606
28152273
908037599
206282960
318188029
510329970
122438382
587948722
664911908
78979636
354339366
595524932
620746594
932150771
584102572
267012401
151352816
30558735
170298604
299849197
628655254
848325190
455676906
865801665
466356418
146951766
915991115
370394663
995205264
728747004
736971238
13792871
756899277
497525190
220075831
75087307
7855160
195030565
515552381
525283420
126526554
869891747
973324705
747273148
654558871
409943629
14285549
805911687
440502364
37100505
105760884
69157618
885425695
561437790
787475635
204298466
560905908
703466750
574693129
556111172
284730107
164180719
422420395
41629384
661705909
642496227
116716691
522077422
837526792
484785424
899877194
964053346
354677172
873201899
563842847
9236043
135661880
578128396
667664082
576164244
615228902
773424966
497838214
353170949
187379108
137830202
557469415
748285016
841296952
984678896
156912540
126027059
1375968
579332936
20172796
663081877
74345515
989405839
37675651
764388659
474191264
937552846
580958358
681384788
663271097
144801205
543137183
798932978
575445953
210801265
227613574
43191207
836742583
577968141
396362157
24121691
715798343
806347924
624923059
409611647
791026821
634351951
388155059
792402789
66201239
408327855
308001018
140546754
250250046
198193022
904935414
724441310
135745868
338410124
258342450
651533317
483211329
801479633
302982647
58657282
12280898
383112574
101848490
701539833
961080715
350726999
578177876
676879058
9591275
55617287
86490705
800618096
689969239
327162116
445537237
756170478
735489971
606054608
896717233
985740018
804247630
654168999
562697680
792509850
992579123
821040131
296559519
328306804
475036116
599542167
239480438
339833367
982654741
193845280
41373200
796251808
397088631
619551077
325647218
406679907
675168364
264654275
59814355
217653955
591816392
505351593
973824434
179822715
111406201
723058019
18079085
768170183
229743370
580776766
560680033
74838845
254333249
857239552
403145649
729369365
309298071
495142439
69202732
144469164
688987720
963092285
940720972
86076351
435159714
118884542
345272610
110328078
383538818
405086966
180498386
975355210
910438559
154322820
155177925
874361112
877380839
173257011
495047647
107124209
606550129
55727680
34479406
860883378
765483584
437625055
442769095
927298008
932767494
364488180
71767172
474271566
180096817
865004497
412864270
615256531
983889039
758136880
578100961
219944209
15740198
758599347
195299419
926178757
912922167
202993697
653056221
642819358
376250708
620220
602459919
982800837
56347900
636939325
696200567
674347837
927080732
991486014
454162197
712364579
208490546
378445721
39152497
388587363
95966570
452016767
3843894
79855610
62670000
581944856
152316171
78410198
193060555
347615591
857105308
105982723
550609288
362677881
601318433
779376348
363298102
56294705
614693537
272162354
545750382
163410456
946510191
472831115
154896470
253188740
37712046
363387017
631634462
76864543
751974380
727601032
528881311
608334627
659972994
444067663
42795835
812289166
522477861
235856390
12421109
232099521
194355465
563030397
594777403
795673899
194923097
958075505
704484956
809616634
230237859
250235338
973027090
29264403
575582805
127923560
282453143
613294851
343826929
914087605
690159395
948317662
494204990
71557058
556652289
154177984
515624721
599448124
966467150
38102582
835304514
978888259
122718456
29659980
394435008
717495859
677850231
589358105
675571364
234851539
251491091
758325575
485086877
224518181
787589978
60669683
204958094
922559474
526480886
401301375
689163431
216640281
349619037
183368421
288197339
758787678
190062758
803822060
210752154
9046260
694440995
46056669
987934520
817159451
928233001
234885880
387171662
458599584
676760338
62743026
693451123
928251429
673584953
31054352
5285963
313691284
944240387
210244057
236250758
470721274
611545432
925414189
539877907
813680822
961298963
828075247
572468500
151361721
484413659
783220655
160407981
31371006
681793676
858853
701046809
462543029
88261086
88218471
773658965
765021424
3477849
319626440
693272853
677062803
350680792
698558816
990754087
147437532
761319225
79521197
618158806
225381010
857451738
10553065
39061832
818750701
838628312
464046684
822628774
175558324
99783691
983036756
59445682
781577367
836411961
760492492
96636748
924673047
848710963
870295713
689694471
704705165
42438505
235483677
234284320
393119298
786558845
77554759
540556830
547878071
157075956
11231988
773259081
14527694
21785053
664837265
685794748
712929718
128883949
360939874
888488042
228667641
196492982
947933724
862761360
32904944
560942568
959398109
957577991
262169884
682210174
499788815
966875049
724648680
587788844
201159369
970284330
374347689
278714128
363357512
774742112
288306436
374589500
400517545
155350482
248890905
65354810
841145230
961820623
46755112
54601457
702825017
275422753
251094439
503275094
138184113
283999383
64217662
950098574
94093727
326387546
484825101
446398894
145778947
61990133
34187738
346938316
32274463
261051779
478168796
248148327
35793892
766475232
622737827
436311437
921825715
871628732
354182600
615487297
685965708
400937712
670088754
388790725
676360465
921183194
892065819
667060930
57698929
808799834
469675857
151792656
135187380
807017310
598191550
133482680
869007443
484895640
480420996
753798258
745947420
958589793
1946585
781741312
577581377
477200764
70569101
499407092
201345848
424751701
114894390
887311556
825689413
637499496
128618634
354566230
558682690
873200805
874143513
616381620
682000639
196335722
620690628
669704372
3353032
71398531
803187052
724876827
556294171
136124400
331191437
302241591
947230545
185654374
936499255
524811923
662855138
7068357
876735367
716717338
284336410
844146109
456545247
962542176
481645606
585163881
169624758
892844648
310881038
43768271
361742620
992881678
240103993
982433249
515102402
95973377
53831780
170805806
820850204
610125951
159446558
152041641
764883895
106677104
337696015
701383150
484005379
853067505
560967859
360740746
569784844
697820622
57403208
26330091
660362798
539048814
464010324
829987556
284409814
774891362
726272180
646152435
620289392
966376173
628585684
987908146
62349551
534933816
11230304
735716107
145059767
170676863
887757749
762460014
277353967
77970116
316359517
761359346
931037622
877327376
974616444
353338818
427664350
32019652
232185261
88027148
423584818
548711937
770531057
707994633
176119651
349319589
354147068
796409044
168212114
835249104
636833542
83078017
370182920
648063847
818794125
367759039
818740710
559068226
130219054
96094677
637038342
299094923
709970375
420592316
28938651
537103171
626447486
456603002
569122824
858632747
397146502
992707642
259861036
20193911
553218627
435980688
369513500
907365695
84906084
537725615
595131151
721739626
620803632
965314071
369803473
439597757
185589463
41060535
998665983
168324869
137155212
488220678
467419792
699641939
761329346
496358443
89261463
387776833
952961445
658384287
98925932
202624300
503608281
358786969
222818211
56826909
794767657
592331712
816708956
879673741
130057327
264356460
453929719
750860959
82186883
823733193
42975069
267776346
864793728
894157404
288617567
854465293
234894434
756037359
406623584
996223781
104912155
495885047
236516966
910389952
6785686
335442898
113014252
362910320
546746219
335832464
272253581
194030228
928164176
88962537
73703969
910737855
205835349
380150041
514115166
288022233
56399586
557090235
555798579
921193314
303763992
844416147
628174959
538658426
452969858
887314896
534882207
410398365
235716295
771399173
320788318
242501982
959358424
286318922
605412302
506104643
622151386
877665883
700134872
402831914
819144772
626355193
166086121
24980122
6505234
680201288
165518707
62904820
89807875
721317286
836614487
393571867
418249785
317305798
932230294
723735996
57137046
319628853
134134361
292853342
91028027
307439031
535355324
902902803
593757954
993283978
261523798
68425692
723466213
961658670
471257607
395127337
440530216
637343728
272623811
299551802
170061368
438142518
214972975
259869244
11976157
904103814
653441111
430225942
73925964
585671405
6478290
131063011
905300259
140612652
423916353
848844638
448051683
959271677
604263793
41809637
805072007
865787591
110235330
528538220
679962614
434009289
923665557
120492830
923869369
48805721
272560984
93930738
486948239
340050311
353799982
498924396
244154125
7241093
929150339
318080090
445428851
935628629
449143101
203245462
928757633
873059454
904606452
229325669
684847483
508870245
123651658
342435842
227174188
86403340
870974062
907136802
520412629
647155971
880145984
296798351
695961692
5223321
390729089
35426284
345273632
597045423
534350680
589427758
456802868
316017371
760024200
902231719
104162353
61683653
957993533
32919986
934743107
862599985
262245655
472106942
223986582
385897314
814542784
451160771
472300654
538033198
210813925
845229636
37705521
90959910
142027987
586183566
96183231
385273428
621609850
441456863
982318851
155960530
883400973
439121719
471977902
643425173
193869791
576140255
705108826
4379676
461576593
492368285
866979662
723822249
816991579
943482596
962235915
484050715
247159719
287052921
22083913
457973645
132282557
912305787
548933555
126826896
498489353
497633138
512100324
120099203
939090001
494419175
128576085
675007327
786057247
453070339
170948852
979927038
29210594
876057679
984306714
343303540
220942316
703802728
67125789
37933896
499801677
881878056
374500963
746961396
168930977
249101229
204935041
153729887
161407016
606384948
280556783
512412721
104018086
792657108
485028276
895624440
139592635
613604361
570631767
925649882
66674701
741580619
758093272
948401647
470154650
594916339
144221539
543613319
151235419
63863680
434063567
651037096
945741736
808564530
397998493
114672714
57665759
455449886
120918953
71589127
61834835
401475736
584001848
18369273
194132844
69030124
913993713
333725480
535150838
337141832
111891714
454341891
78722452
869984987
255259890
401393454
464901326
399481430
945006773
616136745
463345110
231586692
119690194
409086847
40151223
517688687
376275913
97816982
973138573
497194866
21922462
887489760
898670602
605924310
905859034
945319799
674954435
819852747
131561631
62621625
9510932
243453345
516963516
88233384
113438332
772223406
342143190
430856010
171704836
139666316
46992756
635049947
371253008
19199302
896653146
263920583
536887989
125445411
214253918
362542914
622640277
236176380
102549027
373827231
842100690
8408061
171663382
369571477
680777160
303225013
432193102
690288092
546678359
949156618
631037828
660116691
721380025
973181019
90972702
745601213
965363687
990481810
233167512
189133047
9681112
129820658
453053631
399085453
255266069
667307549
614144719
730422698
903483929
716693746
104249930
745584619
725101807
128429664
115156097
258395320
431654678
399865551
948683412
978333037
349022170
579721241
490966080
922918547
405418612
434455134
668519760
223298651
277453296
901687273
412431698
139650760
884024283
865485329
538736213
139290353
532792878
5397285
722229403
288793159
722091031
678995685
34377779
299709191
807425350
2050228
558104511
239080028
254432131
506787923
69929417
603454301
939025516
560895497
378889200
196960480
995350632
47408961
420259131
272803928
801612586
832690830
412454689
538153221
698176159
803707254
529959926
83485390
809104539
252189330
372278549
531195571
931185015
259172680
830904762
591126717
113739260
241525625
830206745
368171392
748313548
900136162
824142045
539855417
313548012
203031246
736815897
308898644
102956559
157075029
434218924
757085497
989765859
846673613
295238718
540458370
502897220
825198645
476460112
312001759
929904327
848738662
695713682
713605694
960427694
379134796
304732412
74166955
620660421
987455509
294854699
221490322
740108024
118996744
761345739
53656036
174544342
498161636
215071032
130017253
507753017
649289956
887102750
350035228
348479922
34857821
890493599
851377142
860056466
219470063
15895253
642477145
68208725
711608936
356082839
881152772
90743732
513331603
807836079
711404154
500787113
102690778
932894476
93411489
74203874
546756567
147067525
101264569
44918203
362138557
231281822
405187573
11428513
118384573
755222801
212424787
5758746
498232752
63801929
865815212
717702816
79697183
360808709
638427893
791306119
716891548
519580665
734566203
82739504
179933096
298486709
583526617
135140226
83897537
676938106
61860453
630654104
676521983
163125022
528088660
38660540
246923196
933276233
902605405
217824121
688499034
115030193
223582867
39248139
31348474
89398079
756950955
111045657
302723140
395378848
754868128
19614689
767475866
341950684
102354193
947408962
640437393
538397162
82549189
724334931
67851620
144409642
354989035
744373603
160051016
883077695
635550495
406974212
668870280
390672252
624798334
209885667
358218797
848381201
249133806
242083624
790295633
6084761
205645633
93018773
253979961
960513762
965149814
21455827
154980798
920020359
968864790
795418191
310933873
903930331
519753122
378785493
48339973
727258510
975675448
60907341
462852557
463742295
467881553
131722838
854414548
92679887
341608505
65149697
941061089
590742311
307233321
583873074
449343424
512878955
676891847
703323385
325909069
494558014
724779213
480889867
414578373
546160355
128824410
725512247
302607038
648577533
956814092
203463363
228352395
932489541
264370704
691204952
248748188
732252257
822927790
103162736
824932145
17052647
20828786
618509586
460311310
180578459
54899012
909654734
693457414
731790859
612978120
871882835
78865225
190273685
205289054
493443599
588950392
334113465
71472198
891557430
982690998
28286290
95020793
63559745
813292183
359391497
754764697
62040372
91643754
430208840
17719460
769092251
447261487
891064598
240118189
907572798
71643058
295017201
669743884
617616824
879324413
135238356
489499660
958189638
325512041
694788714
304149589
914462433
28902179
375621787
658536215
864109529
256424430
753557008
927669274
922232965
965464857
534950324
836789689
909624964
965159164
707025502
531233567
264937003
598090100
771351757
25026153
522249510
918885310
694770038
139866335
798209723
830008394
481882347
608915714
8036788
29187413
913065303
922499221
58089593
141203443
433551789
774715474
397627873
39625149
554901101
172377190
5090007
89851425
9166880
914714971
907526941
716192382
298464890
172463944
166798834
69816647
197490098
689048345
841218310
892260136
681431032
491944385
574784882
163313379
100860099
582821670
192500792
13925403
357837244
103106737
7645198
791389033
730338564
405273071
831014182
137756017
577650261
836104189
80123794
439333493
603335512
987650735
8042227
901800403
12631031
174841062
824133402
210121129
716405759
517868064
954897617
397836791
9812450
529682500
413666522
110672549
112504170
606167314
977114304
322857766
561790404
984759502
114246799
292128968
242548925
945260982
429884985
672715539
633881523
510008779
112049032
89733388
350175866
120091260
844050143
362806897
147448674
520699897
572928027
863854433
38567962
380341996
114207576
48380412
910024496
527874098
11569313
875045019
134041412
841199970
50419137
548348168
678475824
164665937
840477136
773541102
962443271
122878473
446256641
448841146
485403604
410822025
538574534
835579470
530913285
235141029
198386368
678361959
755840927
623830747
394732744
794408889
4172743
508940320
695305653
766713592
36814418
559391318
494274963
23372183
253107640
544694100
571720351
784099817
709360037
264713840
557640919
524319660
240108665
856413912
973160807
725512270
267235937
364251693
561091740
650665575
599392723
611994460
181543886
355233650
235825207
576276631
2158891
92514303
85216951
549980896
859227895
122031370
109372214
353502858
997919905
214996207
898196958
422156608
999096024
460073348
686870448
409253295
984393008
926979114
118183559
810070167
505007736
385419496
174321861
66099476
36085071
773714584
530610289
70145310
981464586
766435496
646421941
983623477
858949799
731638892
386120725
570694046
706186614
348009291
924196904
556622871
563005498
674910215
978779480
414617874
987499915
518166280
676387521
824409275
297661746
794571080
634479443
802669482
32506929
661317656
721285311
68592000
287548592
251895600
138737310
269013178
870847448
637675603
105153007
582313600
221830848
491273732
153007646
928017462
839283023
929720903
337156686
254804874
457147470
315936166
521939100
444647385
834102446
198326622
121573012
131764193
992897702
756052455
786950027
25404631
269886463
508235338
946512984
557435055
612647290
937766646
826448233
483494739
427958602
784117592
65808339
649789450
127907676
71332337
430323264
967190700
1053240
767479950
74511926
310717062
83416116
596451026
755364447
770034915
647294000
876937460
754315460
492708055
485506267
393781839
370629038
755392731
902017178
169658374
165344138
367180820
107425021
991792372
850675559
387899975
628426316
769000250
37689425
756333993
692848940
468012689
576041045
546418532
88008992
650552971
857135595
23941460
99520349
465016394
793976375
746814350
194470206
400808187
92038757
679976474
794590027
462667795
287885557
549123557
632326170
453229695
916304377
592267543
297538419
619496289
980167518
925964736
241012891
17856943
534815081
933861831
338385984
110856126
332796716
426394976
613925449
189932311
450336437
713445798
654948705
96829164
312776500
849418912
350153704
404815257
381911738
144743731
867483053
522313647
546383640
352325575
975543342
315204369
944593118
125598114
787217010
924760636
904079202
28229902
795133931
438894283
814608085
986036267
402266761
147404801
264947596
16192210
189853464
715284033
582154360
697318522
664629549
894930861
399253786
14783253
152262470
781165524
12043336
872261875
155995523
410943328
224587450
131538865
726147698
21696920
109653331
365881060
946457556
13732533
246627314
594107839
305143168
61235400
432660459
707409929
61156553
697608055
576118491
103526370
265408440
158272852
800844892
930037989
905720065
52615030
944821243
57982535
833780554
809380931
782760763
989776077
220324260
7348213
973831294
798988310
29045134
936000978
164869370
828019042
802249863
411496685
274643234
107393032
325248437
707303693
667319313
238921342
257428100
95954157
194964064
522836540
254227009
995808956
452874529
12463426
48423986
250212124
70445961
734720892
59593056
705723076
577013321
132433668
565587642
403360968
931421978
447149128
191878298
948807700
127684522
994128161
212820737
402327756
954037545
538069174
962147801
473873211
629506869
219575901
569827368
824470933
742412441
824054377
672796242
47803323
836517803
573736580
150531799
759480116
160973825
62641207
317719545
737987146
195074875
883307187
993864466
979013205
330456315
185742764
927820906
458140837
32387278
140641643
712984946
986424823
531227170
675132747
460298034
13250391
747225001
30125402
837721324
342153794
706696131
510517566
389957117
395730286
84254147
540488917
7726755
97744324
603130124
325446300
835731470
650721352
61269839
682112289
629734557
391726154
867855053
410071815
702383343
900242331
403229811
415368289
739183507
786973333
943017389
51997893
800223724
690242390
82123296
637945048
32396184
641335779
978967
274869654
889582418
937749466
667874923
897309173
35493790
123521399
75271825
723741612
774242751
136541664
405853901
256493661
380784170
126225307
666565476
83167513
878983990
922311639
351052155
618167497
709284972
294069544
670165391
362025048
836828286
604805039
999970097
721740822
98657170
853465416
996610476
988239588
791214882
517001751
738065113
679225024
640523151
665853290
402966636
414765902
802394954
661336890
671259563
35695476
787562197
190341392
118862990
519062539
112653031
469915145
137230037
674454356
616501041
659911780
36479404
453329327
117233171
888965853
27586501
68406693
594947621
24196978
56646282
238678855
393715081
647227747
917903879
34238232
165597390
173386868
301520487
967992344
834723758
972780050
3687821
474802307
15637794
975067163
993864846
980807178
297498660
983611235
507777886
913999701
496039367
396773642
219845380
613272538
138255848
247431881
681679232
733203469
124145211
590841866
971882325
517860293
90585965
889786204
552098525
256183355
63173072
853619012
76692052
750413182
678915415
932896225
225215489
547069561
907963388
71596688
527876739
57978400
55207923
35654625
971978101
551247291
284944620
191823481
17036181
423200468
439255362
551231765
156403937
563400574
142073631
128286262
81260867
85175949
870588819
485875744
193875656
786278243
192011109
270567708
389207778
723442876
55980285
614423267
270512437
963943673
686019955
650905529
21922073
593744231
539076506
846416526
144991522
824021126
38240007
14544055
247221594
330011722
565775821
256141884
745928648
560365804
236944498
679705867
498058105
107533317
18097963
691933762
746327913
210109072
962501470
135535691
933551948
18481756
602475310
56580738
834941781
141011618
707486267
709380207
734755849
99079125
408313085
732263723
923100252
299069445
599324130
22838198
629081167
17616303
278980082
227526167
577982108
515924581
907232034
76040213
475974250
925329997
620490327
74818515
135439070
435508150
62870558
921507370
306506258
665345869
830604460
141448039
658873839
390607079
703344598
246146040
489686205
111657684
978409763
412786457
263243481
430250245
435624655
892324648
447866549
714604738
119850815
25848657
83045671
879599201
954405222
559019921
804929198
427411902
633838437
792884620
862920052
696708995
566908343
169426310
214571216
250029155
163390701
873445055
640636235
719251652
119591095
130322440
683425688
950517210
395625249
946669169
380767456
831249904
691510169
828634005
398370994
663877336
706999014
481416665
543476537
513920588
40436587
200922087
941332490
526791376
846323060
656768894
223500371
265747755
826195204
438071588
515776910
842102258
164032995
156413145
561353910
283624091
139251937
97295950
86657653
534877186
43965119
467425109
218643443
735475288
148575466
617014437
251868976
708090832
950947455
795345513
74527773
843900394
848783952
15860263
370691770
695107012
525145510
446708493
960854767
203857066
884780081
329148030
45959324
48813077
485561175
459829586
184953520
624813113
557125536
271611173
12206651
601090655
591552635
230850094
189082295
740128101
847864532
440951271
300735286
651328339
88813136
375263059
495228733
937597089
243639674
718436855
485220453
768785184
165145348
298591573
972642251
902441782
627739603
18601575
803771211
965817130
330947514
988724731
443146595
888073050
112852256
455353247
341680058
704404891
686203341
530762353
297049345
386584225
824229977
597784631
37912564
913043113
973047690
385657649
703156554
69203716
104094504
40893360
837988901
121756205
192001285
810631152
24197987
819740888
681749079
827969198
638074370
12696593
669210281
81220966
753285996
634578889
536574213
94966054
191500133
75293906
478244759
488549478
461878132
302474736
938850461
499790696
68034202
764414503
885448346
623707108
833618219
842059202
664600468
671607120
963815407
856601753
334754624
988013394
528858993
869020056
668498944
19449716
734233001
190225577
100670682
487518997
824804467
489761247
435001403
16304600
565055153
913246163
357370430
26933285
68237251
148737243
379240334
136271453
913151746
117205032
759978562
746769965
959264234
277095382
270893438
923079642
986213488
458164414
763609388
367588833
327184470
284624685
387038549
61417472
327366614
487709231
401452821
4687433
977470478
836454225
20992033
395041984
602216740
230878815
421975269
670453991
379616058
801215603
806725445
145284156
918420635
419220359
892054122
730201222
548832093
15463912
505797216
535045581
473628326
121922956
902634415
653329149
406547641
142189316
567262973
733914256
629898548
968715794
738601689
459885378
657686371
612110075
854927362
112419463
695505242
129418984
782873455
75121301
783150939
442115252
72921809
554087927
861335611
964975931
284289149
262684056
832956195
790086365
797729638
159100874
912009321
552880405
812430023
171073315
695069721
379692996
757503923
177484621
200925142
348621964
489886352
711127866
960732039
197330066
823547329
508753634
326749050
606420784
436391287
109899990
48536036
509313096
516504269
762387999
326805380
800793418
25072056
159761575
443396135
675318046
318862449
207921808
80714803
131292472
231511475
628300876
363501820
989015398
805785498
416943315
337637363
148188202
128071181
150885754
345518268
951618510
659639388
672267319
410555647
96030675
634683661
311608035
457860124
3704282
926512387
784665504
804497700
804100795
944427079
100410187
331935193
115805881
160848347
412649996
99614705
392359823
40950872
315632878
381375221
699252722
732576193
571528936
847440924
860647374
722414691
45475545
664782236
234570431
717742864
927854235
183117459
204942877
91978623
640977583
208647159
18491010
278159439
865661211
822591805
75102870
966071398
7043350
190908751
126919745
419693346
143039809
371795920
313160570
458672687
753171142
864929645
191248880
177216430
564886921
904412606
899631121
610362466
421711194
986717905
180621682
349565430
22351716
385564559
441544053
663329299
446728070
312551415
941488738
312389281
135143220
16591608
130977031
142186570
60016712
110413129
414396268
203056521
482209049
580073190
661729208
87896543
445002835
705494440
265112974
9889757
609907046
17260447
472768575
31618240
3978352
653390258
233700022
26330068
38954817
527760427
542175719
338199240
840311842
336180809
650588521
827971414
205288770
634081905
822674336
117821834
744495034
89586956
320878355
79220435
669660147
835123915
19633331
114662982
540618355
284746305
977069091
3041753
154523104
302354019
887176345
11017809
955744277
120876368
37347877
847215446
501153147
432039949
185414686
341464990
620737110
688519560
21952756
826025880
322601465
844627093
943847714
919612851
934214049
117242421
998833286
603874196
952366336
18466617
571053531
345501043
155729274
400638974
201059148
310252379
702992993
88235494
321270188
511253622
61628214
211134417
358469069
562781361
495690718
396400107
756762703
116427829
84919667
778715460
794970061
260037484
623342553
591334128
179650335
410072954
708576549
30999974
13947151
513459238
901982943
437517034
711476633
57712218
690672360
912535782
220480949
246181706
771276
394267489
757435328
914915842
605401906
115904397
330213555
101092625
364820857
86976259
70036806
449740524
865691719
865006867
709778009
341550624
308857347
741944696
751623578
17433897
772944670
618087081
383409487
527443966
908120467
94886120
437672536
598792828
859938254
658153485
844974534
713225882
52420974
454926214
628141724
510339232
423346964
958355280
463948209
788167821
897847891
386501367
90424697
616055962
104024587
800202706
957606586
412881934
394663755
561746516
282832183
20124777
32349950
666241670
547568743
940470417
613644143
985241279
391779597
326098749
495911116
89270483
39324632
400848442
544196698
519982708
911187675
967543662
330854340
227652236
608227835
228702231
614153604
698652532
844758193
718178191
351371591
654881131
131060125
746035346
69144000
266408661
766160123
101493950
932650331
313728867
894480719
398810826
151486498
138776669
724909576
647397615
80563504
616750560
48246057
624760202
136733268
811950084
444820216
467587609
39602321
53048051
548806192
506272277
604216936
246080738
76966820
955588527
900961869
60543297
701623873
822622221
326951958
320300348
776632523
112118642
634029215
523629595
363445820
785515714
662406264
88355396
285429681
742969768
557622308
333675738
220246323
694355577
145625823
517582891
14459538
37744496
423147295
563265730
396533125
27364231
809346468
326016297
982952758
562824690
386559594
537092983
237963263
566027905
857393331
14595787
678146547
343938899
538225382
41592367
981970965
53147998
982464116
267400646
648634118
392602776
453592736
868880441
86958353
451734911
238979685
953934243
341995759
662126980
369716326
738528884
689491211
31579146
64545181
524960321
594403836
303621128
914569656
832367100
869649033
624479339
699479239
400311932
968418238
90220973
294420651
802905555
143368971
129401119
70306201
792003089
522003896
376415290
513399883
461478601
828150201
752379568
267929197
170145961
267022900
637645523
761191197
956514111
669224669
678252731
333990784
116144858
981873859
101076792
948511958
704039244
725556131
500507549
956867528
546490722
590728522
103804531
349396277
734097493
233205651
272218831
378616934
607725899
648634121
744533169
69204500
329300674
349429089
189650049
499446635
616451989
827295572
113154185
425482452
496520242
791406916
759473236
612665100
625797127
860550028
413693410
182352723
438622512
914200959
139220251
985113234
357445833
243024782
187025863
91543326
328746785
459244694
322676612
936472684
960395167
67209782
858193537
289695842
269155223
47843586
641658829
885607213
875139159
754813014
311089665
224175753
546219930
923079254
689357205
24533409
636145634
103050615
206886132
74768146
869767926
346106383
59881380
79730111
441647518
99423596
23789789
770394303
558668290
346466401
706866988
371579810
266192535
417576877
661275652
535347759
465420463
155450833
273471324
193075974
910263848
584560989
269768079
309000130
360156595
959125284
333533540
996302230
914692251
540419672
71070376
636976529
886526056
983468109
716706640
180689926
82891705
740496429
951084229
494076347
86962831
510467569
865656157
205671718
928044446
379448161
593535829
245981262
534898995
867007153
439057236
297679195
304084495
708825316
606679325
664241090
520466952
940212865
660543320
435159204
480632538
584130049
72135733
219674946
420114510
641358726
400364872
355522567
381855155
203965453
702115266
321334338
714433023
420287776
379522409
642477469
799735937
973058238
888458731
187151284
840065392
180032320
484830479
144149887
741373988
91509805
660907329
261840940
884239022
173967002
549516496
217387912
758097051
474168582
437062858
30727913
115527308
689944082
238766832
349898815
893909536
940882098
671233154
608342559
361169874
50755563
103336380
13422164
876330153
844311464
53089800
568911897
24343784
537920280
565578136
618234124
481946437
226485466
880075064
218701811
400452468
282107913
436089724
11065871
756276495
873152582
41793784
871803803
415613017
133076968
74218970
309522553
73959066
745452124
770381464
287645293
648724039
873717844
301067457
377570545
570545660
354157257
946482442
447405796
744593889
512060579
65639920
79056678
591062397
798231337
297758490
991514865
80339250
733848214
855097088
836615745
459517148
749407224
560935900
875130165
882484192
635154870
37169070
956443258
233123347
807550534
96604903
734363738
533784731
397672360
111934283
104330391
604345970
58416726
551736188
348939859
422993657
469892460
427996538
14056054
268123797
725755028
858087271
200979399
312119594
565700711
37595144
771636742
315107935
451047396
646766908
50108479
938718619
683935978
6551737
24358318
344002865
103156641
758722056
877787596
353345353
870656340
982117987
957691323
781589418
386370527
159147535
57099427
856262988
439660425
923671833
976903137
17931805
634275456
177882537
330051399
199976167
67994033
101688141
367600454
371557782
600971401
417708933
310276401
137423732
276777022
334634719
481426597
232450015
93356775
359214193
585795369
816529467
193848532
396003044
450635237
432735412
407666931
360251016
141514752
847327356
283922849
118417889
865259161
918198305
148816778
195310560
970690824
216810812
149515054
338291278
588368594
750486455
756000211
751161347
887910187
32777234
85796066
369336784
117743601
31669193
581067329
703538970
700715013
774915862
952058367
3866602
60167626
359725298
364117619
201682378
59569007
500556820
320100267
924828168
271271478
468917046
120138729
241962302
538244210
122170135
432769933
126612804
872656590
41286496
730290503
760566778
74063730
668602921
982419914
44323684
552788466
563487244
747862654
106019831
190919458
552437373
109886434
251087084
912162672
326520405
452769462
971731679
827077225
625386081
749076199
98348703
94303127
721731280
192827358
485063689
843901415
625597291
464192845
716558006
666883787
194483348
329641136
593463870
863086269
164577402
637787554
268391088
728064646
238166560
374410919
771500456
790603934
484297353
22587540
555282958
810817758
327873354
379530989
490411336
953259436
128607188
588760039
900078915
850338469
781587397
237658957
546756236
259701040
701851802
115830594
926584828
896335151
445471730
520048698
611937772
610049133
10352604
880328860
190630131
248519164
107256132
962130588
39123098
591553485
837234480
594406056
254887596
17624187
973937045
745298932
823399975
955060586
186575323
575995242
657915407
820679073
813654199
204671643
80380113
515506002
320502238
6964941
264357505
618490320
379529991
728811629
81055805
389882595
461656842
271685937
638401760
568912974
86332877
530041210
12982811
776083709
124447267
267870407
793707896
950900664
865685691
469624223
758477602
52261015
45619466
416393009
725456440
859273665
473581005
805836553
227296019
794083243
665317847
344169876
265089915
897364190
72981506
346145721
139763138
534638348
617831658
778164898
103551322
556680887
160722460
116534133
332764596
137686079
236920893
978988845
88586744
102606584
448613068
699580698
7383951
346748886
115973708
585356743
58538904
442071065
243709649
285834923
88670660
909027496
630004800
353760575
658908038
555502658
699906296
798671176
90141006
170254306
429352426
46208680
726935193
590074887
15259165
59699790
727760966
104696410
891204987
668864062
59819347
192334407
368444761
919719650
539083294
336934821
505076394
597622198
779005886
748786043
883457121
867676546
510329891
365978273
73953473
21754281
921480931
773859770
820425458
864138289
944114076
249777884
762863321
671049270
839852771
630638839
583265412
420130090
587851601
326986751
88994152
647670948
519321158
309955265
419906951
58404452
646890086
924983345
656026650
278412324
526285740
392000124
998605222
889131983
610494749
72558696
910886264
384492033
846418466
731311722
101146674
643048894
833605959
864009996
166614516
525975082
347165187
749879928
946105172
935016788
76866679
35099325
435204089
448704190
197570942
855111040
507108642
844461029
632610737
15651645
975389705
11412829
260168121
973994928
900544812
870662870
899069976
663947428
255154903
598004794
247775503
356301578
241053688
81381462
72827926
407668205
607356544
272509465
10064485
405978069
60042605
939447517
293593746
495246694
388151707
491164688
202874086
747776701
188142069
688001175
763428346
163531775
699414004
23596467
990043055
452475168
746775690
889113031
116422597
1930593
339634177
216714452
210748523
580687865
298095914
136092801
840872422
757968810
408602266
850936908
163946879
468644872
642900777
457540625
963891566
31052484
948705314
19282005
631345537
136847383
707283180
247290236
152895510
259213537
123403055
142938565
564205057
870178745
884567948
533144006
724625691
76718477
749858458
935374214
657406343
47954372
71467016
350795117
658439535
332585634
54248377
822386414
801230506
697149154
132443392
617638425
580717990
933665058
636920430
212063528
923028793
196719962
459353764
75924304
308449851
582756819
71379221
872654909
305451917
808463522
405798915
30077608
885181999
8173726
817968174
395104694
56128098
741951542
745899812
567083985
74537177
800148189
241986752
875767683
349813696
374430144
345922460
930531686
160611554
982842890
142595214
83640347
32079205
454465330
12081003
340529056
889738502
935976577
65700317
195190419
596956451
471499233
77784379
334654802
479672959
895752553
729759497
388317409
637704096
328175661
955401395
564757625
980840202
49904499
293041660
330653898
424334643
638964121
113701937
584946197
474323363
108813503
521102896
506402568
563278834
533183900
699447977
305533688
321676829
765148294
500724107
918633280
89163879
578508486
253288082
568836838
326777391
835563931
809670600
964481487
16255944
617588347
381755464
997096147
667492846
674797125
180266397
91827489
313761246
293968334
529290038
788084609
402781838
50392934
147003530
966060672
436093186
846451507
124110712
757770015
464116153
624834819
528919647
553280033
55859657
782207730
122116871
382637048
470288013
784303823
199634888
486543958
401892170
581390352
483640105
69385016
108703829
663906502
13728857
422465075
957874837
395535247
63066037
213173027
298444534
62585919
31750051
587054072
909037426
155860763
197340440
225669931
780695582
726260087
778949964
689071591
360984169
753583188
71708639
831272183
537887011
123859879
317816141
792295534
557766584
653972598
714196902
666470413
170395452
580442112
88935489
128270289
975977359
4517878
193959668
126938245
67103797
225709719
713992318
828657575
381570482
911332758
54327506
14782416
490109197
833277471
703854007
851093367
439377011
628078999
682365550
977264022
751938878
852698043
622075908
162221814
506670641
336272811
828692228
677066093
916714923
770144069
657852735
745208634
774661947
851812403
724663232
694282096
77522123
291171902
522939671
311608957
55021012
429783529
326391374
545130209
115577352
30245381
396223576
554954363
658324380
931105478
384734738
262779611
783803521
6810646
425001425
142990514
195599809
106210005
672572960
112314732
876354074
182942047
710039719
503532373
34754450
287219303
197814469
964792925
578391205
573270492
128918235
633412217
3054022
455309609
178542426
118631374
485554990
427282355
673585738
996395723
358387833
58320476
111691686
994707707
917647474
536693111
137698221
113247284
642903117
662787533
78078368
371773543
845729580
640634439
875305917
733000383
927853742
73120386
550309660
506244947
498907231
679227895
139657164
501961253
134537504
170715943
473108979
472608847
597998298
146694717
469004570
808902483
57531545
580696256
803610190
827695372
969905719
793824764
940942656
465325188
309128649
871537376
837098732
154858230
512171816
712404649
887858613
292541910
638041387
290684625
798786858
136948618
969912521
790960374
491426223
104450025
814192669
964535203
429575224
264707319
963746272
898579794
73609803
873794170
331792402
729736345
554005894
154214474
376077461
347464902
619539662
685206111
219002278
456638394
840064341
583690446
21559395
580439306
876232357
512117135
871123931
527535567
501582105
693552804
171012293
993008329
650519182
985204963
810059884
80094406
249912282
626322508
831190553
176038437
352633030
15499307
905774783
906638924
169713781
281852244
106620178
789253444
967058355
325622457
98408190
659639048
909312903
119967586
92594706
638061612
632084721
816234990
165597179
133666826
509787794
336609473
979191507
12823328
174330788
641767743
92917735
424243070
120606604
924108288
600281508
325755986
939607595
358572643
84911263
109321377
640424887
191531441
751091173
459999595
517153898
849499363
972154995
278983154
969466949
64749702
917044766
454068022
733501044
935158298
440251201
95805190
124284123
271959060
108628519
298614911
766243156
201546254
722857981
886849760
978170894
175655841
65122098
770294841
534228484
150033361
732132570
27169724
341564803
483223743
339685671
858718701
185239459
311840666
990218207
7222760
229106720
759779326
461290783
962607764
694937624
754058336
58412955
819221747
26017396
19557826
117836658
644776904
221104080
693210991
384143016
51791326
721383185
449265115
822086167
108128021
599298476
554218738
135297745
940863279
889958833
474983416
652098333
75198292
639340435
642316540
82421053
868447155
254612218
396228188
683571272
949549842
150286524
594500579
621287941
28820272
614058405
591640951
673597177
687678837
137368295
57740193
739470163
858751480
359521660
561556330
966879501
958820137
968291420
954693599
899683416
858250254
282193367
404298101
785964898
921533802
46614642
868385951
642497310
153743212
117130491
178584934
103293055
267417015
773085513
577097348
148753640
239660270
21254652
822350817
927339107
11139299
732607362
519325622
869890779
92129023
80881952
689286632
903465512
901689725
496496583
655665280
612456331
778689951
59963382
398421229
700223753
959094376
119323533
195237415
112837588
236454024
373822349
68646995
356387392
146907862
498260696
505141032
239084484
519515348
180008201
18939943
530654647
912615563
538265565
253061778
857260938
471663870
794864762
613242802
225869947
291361346
268908083
838326278
70051297
181387817
89263859
622791402
140482193
208587392
818028818
105836133
297557769
44367519
174483129
653945161
43791734
672743825
159086193
282876218
44775525
339094394
154332514
427946524
104226309
692598079
681008302
814003600
16778301
328389416
427246402
242648248
619750762
548670837
80974526
542318411
730058654
22754738
17626166
870540847
231342130
688171336
976376981
528899899
732538855
3376462
35361412
776330589
528636639
194447605
59206808
573412164
386058351
66055674
1358688
490284661
758653753
534883342
156804613
627948407
863272758
584051015
870596655
335539873
132721853
804087534
730374636
715296859
826842272
748000802
438354059
910700754
288688490
267247392
292117006
21227346
270623854
327478418
797557935
799260493
521926024
709281095
225189009
907984375
775336769
79064049
250785388
386506875
466463743
407590001
14455282
182252853
844157369
737568289
517792726
829395574
394172175
100683715
544692433
73530799
848684517
983046492
984231554
137373008
102810236
128864912
11116706
373434090
456343330
661190993
25210935
978269354
222988441
102916296
738770082
998325210
181980345
842071822
237348437
648444088
102178176
104320071
830696942
946335545
694404713
201006020
775731119
88576888
301689735
172939904
14624040
2890605
8502749
851371946
992779965
111312985
980236858
3896671
337263428
436580188
517604016
362474363
267365895
740592457
465390660
858652329
591434020
499887357
700724151
828782457
847798
802902327
785618881
831544740
601754224
480023594
885067112
230001695
421116834
39273200
402941600
288257226
42163805
263960701
139629172
34943770
375273686
119866030
891356793
712537114
408962571
261477161
927527830
528844818
2069619
245434842
387497147
593503639
745322199
940737650
274802448
746169997
596156330
60421329
430231089
197910554
392961275
315298202
427912250
666594462
354571402
683370202
954851688
249251559
947330903
94480861
136711681
175120941
66863243
28068474
887658056
328342166
142061987
667702238
857186984
144131606
913137080
97200483
590151597
658459279
37938134
864954046
257145629
486610816
777891727
687376718
684521370
23369355
2674920
964949972
689963817
209762674
648320174
497331857
459014233
448167429
444329070
595725914
623288371
363708666
476310740
363462779
692050832
618372728
31165017
401754169
615020686
944302097
351471004
205172284
455277728
241925490
922642682
712423357
728536306
553050761
252316428
265574029
576420116
107507700
230524001
118900285
317270375
731360528
616232143
628800960
179527957
60561213
77043227
802816328
276786231
553353967
18795459
968837064
24243047
49960476
223107585
639263734
846778925
574578589
696952370
154573006
816504080
619595052
866996363
397556738
25162165
119312791
663130767
601582282
79336844
893654769
572998919
396607219
477531649
41747414
25408179
657059606
102308628
102451406
312392287
231611211
508321726
331187746
52964627
385081125
233664575
276072212
24344859
80443500
703167154
573813581
235016506
372187586
45924985
954529222
769744324
71087151
926358365
432875092
672669433
5695209
179046213
98184704
254818780
656577862
139932119
132743312
166153820
94757099
87711070
331062459
326368310
596032796
662250206
379332938
981113922
895914781
655405150
857975133
828874633
211088656
284305067
63891140
583276242
330230052
870936714
353020567
401317203
797295079
638412011
73986636
655506641
817458224
24687693
910325421
326552438
164619812
43068733
345222610
259376911
130779804
676285070
585745221
579328952
191051628
965078159
412959226
86966409
472999662
123450712
768357394
684088318
407755779
684764886
267364561
737985831
555701600
472901480
139303035
205513032
111313491
65806023
861019673
781288067
90493716
623861446
107840505
255113528
666930180
305579467
514490439
650226336
981864537
100235661
229555288
172916165
917830172
642514515
112398926
390829834
765965227
880756321
74918153
26237358
418037559
194799066
764223189
973739160
667700546
903526224
31768544
631530389
821848600
745304569
412818456
912342316
369166015
373175313
19972197
888612547
678754780
386978988
538838883
513135670
339731001
620910524
686051835
257561174
115941391
650967114
500907360
881906618
384239787
428341865
908143976
802277346
623140931
524883517
628532858
143357829
280926094
660301402
774888218
102774694
258122323
40223026
867633362
627288339
265914691
887605559
368417238
944669472
127100900
907256122
310321494
466831901
380682998
996373329
724393075
496624389
499856795
77816788
231047359
884096582
506158653
139191335
686373929
129299585
516591204
167423139
125173766
797517298
827724542
752578337
900291992
85846865
792801363
620441707
565651556
58716055
360563618
934068795
855901879
487664518
693841269
18739725
954496420
74524267
15113054
531405847
423665008
367486202
609222635
654712367
251582784
115381289
646420054
790473065
97197226
163011258
957896205
74887344
960528557
638137099
827465681
713336901
576500316
472783397
186294960
142151873
384015804
546858579
928737020
92434035
34523097
475094641
111173760
989019517
402135260
126286814
372941717
825800268
346289368
982164352
333028987
597872153
97545641
979449041
240861570
47259219
142460299
198757775
122146564
955505208
836894874
949612245
521358462
265911543
274911994
707653422
260579768
658927798
107028353
41833140
751361833
141551451
516927781
862535593
983087320
771579393
841338760
356029037
449896013
187628128
190709742
782925000
638016633
140771735
762374041
878878204
188030955
757350692
77635979
162693871
565372253
767047206
112306116
939247067
32958749
239734463
499416841
146054869
898662261
606445195
187888009
650024095
747996646
704815790
365076040
583600318
328911535
206414800
939629356
778807548
246559281
130339098
561732548
884575914
123627185
176622941
763454118
311658140
786489985
693606450
474352011
204378590
313170008
439174480
143625657
198645109
678908943
643042499
344699978
430087556
102004046
532587987
80111651
850000692
89920129
297704044
286117362
418831664
504118844
78263070
50155564
750678125
61118520
611888112
487770392
184745706
641027405
103740862
496403846
427517390
797347312
823272210
631895981
963033672
114963042
628037990
14195133
793871985
123596841
358895111
76475893
225600887
743999450
9103897
75601579
833919579
306807941
214235294
105267595
810926785
292498364
155423159
414121263
353616885
619827623
901891655
538362591
260855028
5632517
34766437
540888771
655496182
710554999
25301104
471046206
825518041
653339094
485241340
471906378
776935936
844136451
548382272
2536823
440652254
557486169
930654755
127088185
864294110
144890049
232355781
527737247
437388413
240295292
941858510
791005298
860122916
696266517
181884241
120977944
554415387
69167031
514383067
62427921
779722030
539684171
533474127
605240072
193023266
18715467
77146450
969959202
715368271
478045074
825012377
8536877
35531243
755667132
135625062
899825353
753073533
367980843
280078953
42978299
608276136
74453815
833983597
320915404
770720333
15867839
294409700
177652072
85034870
808792768
92596345
717273252
348476939
626070472
175029676
394016557
497302292
104692479
216492111
65186915
582737553
41504489
73723792
618268797
649687973
209348854
370610502
402761507
429846050
650689455
445739806
38122186
725143271
132239755
211553942
348379956
623946
505963642
378548380
938175168
314756410
471144725
655448421
515749702
97215197
830478097
909766259
447033841
935170576
126258371
364737108
370424482
20279212
438460900
988693279
669967185
500326107
211820133
72728692
930172157
715025941
370984850
820810695
292685564
355740958
32364637
641065520
356364904
538328279
19613900
147056425
705601042
343274977
802504846
221350744
293006526
485499295
131117003
740040368
273186224
109891726
104777476
643610706
130170938
395754729
484820337
800138124
896080836
549156822
725383168
678769345
264182763
948884371
499580040
556868327
304625329
384461029
50450199
513506585
922789308
922580451
660563010
480906702
265855428
315584208
702257446
558861955
801083504
685890802
151418675
926786080
648298880
108712503
422913138
778469819
356983584
907733475
431124295
105580772
309406649
9023815
784350117
573589413
957908186
136446509
982974092
115049867
520907538
33424292
628556453
296213199
808521095
141635815
777119901
74376524
457220024
331893700
485754831
110819880
17784502
489689858
37605960
518599734
598402361
460519098
149585905
955385946
220768925
580710200
60966718
530175574
442250368
697833188
956281339
252674906
834279697
939255432
367724774
355187236
825196076
848797579
651400435
486233523
990433394
281036688
413126399
447653418
612930388
898881230
558473298
483231242
241087440
448595610
1830977
839489802
909114708
151416882
647392100
982399985
584643435
560875170
365091912
26893803
111224710
321373251
279568709
945504408
113145035
499809835
153207996
790857463
348607414
804608431
277090987
191557161
85645119
690217386
639210579
551091860
441614969
50200230
34323102
682702409
498795840
36154079
374708563
260426901
40087314
874617015
95343238
624730749
288008538
460435150
504140904
399233248
781808402
783709613
344737656
747469789
136035801
497945652
538327253
484643215
155070435
667934592
676200376
93231907
210668330
167927308
644323767
652283299
70643890
531163221
187502061
569439730
419833653
414726976
682382983
459920967
289343992
777726222
937168068
577352530
238161372
441308972
976585778
872486126
77534937
173839787
619955916
213570738
524301791
10799521
550730306
679372227
678734113
79447034
625120486
889402443
247374342
121960605
394202095
318018232
653123826
434220508
739974315
72957479
848947484
422357298
385394798
138291476
52599872
322562866
568160358
290761245
616388190
397262489
15763723
693923128
423618628
635719639
760010218
947920419
499035512
310740524
479808998
30285977
390187559
104929484
919688421
490078253
226890089
166406868
808096486
880013916
600627376
400587153
805487747
302091212
822944451
190882546
292899041
875544324
365961764
861059399
18821921
982349955
110838240
34585644
528789435
534456868
522821636
288799653
334893640
21857148
452056530
814702638
52143126
842244089
919632123
824347899
184838694
999038564
990754767
992935180
731568832
443898495
246038685
537056580
745989707
68983137
580455478
38888748
797043813
946417242
752464500
668382086
928767197
715819092
702967730
310072984
102792313
78305718
598872638
437685953
100162867
50929168
252388591
4822345
745689609
24537066
829170244
930528303
23575631
672441363
775979836
607660815
116339858
22018521
144717395
714845917
943518010
577689225
606251018
593078175
524106468
211231870
113976613
305390017
927050962
816944344
615463002
29843275
895250062
66851992
320045580
847929281
970297512
572434172
852751626
568503473
449487590
681921870
351548128
325579573
206879585
127527964
933240389
175735795
2062838
930474136
890581713
798097200
508163362
349349083
243691728
884786182
413097305
357668341
42692551
192664619
27129037
658155553
75024247
774895452
577523897
395069827
622824733
547821409
967503999
328092712
116324882
269507942
10014582
320389363
595087515
69410520
300433679
528327904
245146315
155012869
311318393
135728028
953110070
819481755
337593463
49318150
556784289
750690768
259502843
599476840
943355388
286631881
110148746
18379635
61527333
687672643
265965814
536868418
88010405
85986166
864961130
56851639
355494108
727492065
377241002
950581623
796902585
677674682
331425880
42048900
832687551
642744273
30293281
638313973
314742380
220403096
687632123
871526669
823610217
947134967
471003509
619481957
86283200
581152255
490377944
326885
121341251
756343758
389711655
209351656
842329924
107189138
266203295
197824032
834681203
643444298
922008
484100140
321118980
332347888
378665392
6322883
975092161
261475025
644636857
289834541
334394474
184785332
13877562
158004691
131920299
484881071
777486648
70719851
918549679
120380944
71046736
39890930
876724702
313274744
249242586
719054627
420463882
515445881
769395011
107661437
11406531
770317019
591761577
332525511
102664907
822943321
338848395
77757068
84418347
983485252
220107961
271329173
20786936
233985523
429333864
5223588
571382947
59336864
75943439
489932626
179717808
999506528
382339908
56442510
312781272
631582494
628013489
733245154
999544727
249924853
840906591
10951259
20241872
285184520
195993122
122906780
108127841
534841517
53180200
45062540
370843121
125804514
168908065
391630058
212306389
598241929
396853646
783689336
510095145
325313437
126138314
689812953
324819965
508478222
598771816
490117589
140060716
79301657
75879095
992121796
329226510
916785686
3073055
201984735
54486558
51582529
177407867
15130752
586424047
83104419
912709644
809783520
208908933
81617710
53929930
421215323
532375991
450783576
57421011
42471137
776097014
183559326
584800442
953433331
692037548
36088610
443550921
684614617
115390268
519430016
676736413
297133130
288732055
532325820
499117865
195734965
583908349
676525732
210865717
22848748
759630152
123575362
832632269
968539085
57709424
886562199
242270760
590085415
189862128
299691772
485072904
818475494
483251098
69873347
771908825
27804998
105961957
67976098
712419615
73868577
439922467
241672380
371001708
728654522
773998200
870119573
924389487
210422902
546645306
987771557
85788002
158791810
963863271
918420271
127330895
21572695
657498823
222118008
464174462
699877303
374326132
949247367
518352797
857577230
871637066
142777974
885382228
977599023
63270425
450318196
51467601
503192892
691990576
274985661
84363766
318505129
145105234
8753253
528928031
544266892
849041162
614716033
703058702
812904433
385652657
682905950
686993480
895667832
905023958
3684295
595545135
131866442
805448014
966414284
989443672
677085080
109192258
727342252
507200455
24979035
30176800
411184408
528171927
722167377
686170069
612535693
40672506
683791656
473805299
422116889
228058548
322846461
36832922
931117251
988267247
275001931
466539553
527777079
23186115
224079863
531461374
618731250
355946305
189425740
437661886
197906329
866510820
399370497
925248581
226227628
424349532
955425382
489928388
952521460
530109111
28614810
565057153
570781617
712406466
38862452
992898506
940465014
214225266
882247780
724098617
55008865
9766064
43154522
582785944
32952179
267234385
114247319
504199782
623180690
156189411
941861668
821087019
22700232
341232165
598851953
101444212
765581698
406793687
591372600
570619510
936902798
619987410
135676663
360200767
184910228
27055468
205615625
125375243
93797086
87863405
701990212
148805951
950145821
745144735
731591895
983098001
12379120
698355566
339814135
488076163
854544978
281675803
309163182
729761562
475424321
908015135
683722126
93522371
167325174
127611078
664141881
104227972
747598489
652334896
464428739
932508717
531906716
670044364
910400312
625703802
610424122
464906877
627026105
413086295
62567964
211134353
248700648
927463436
909489919
588514783
415539599
616551249
870190587
577219134
198829163
198131260
337750621
882551289
291653631
505075796
10162368
955795512
609303768
610277209
608130408
926248860
395302278
140037125
448809576
158218943
618257279
59233698
475642172
97799737
324836346
538210136
308934090
573536994
318189924
70940361
162051778
733729524
687491611
884758717
163465010
738837126
82889977
501215631
473904768
374543608
6291427
336583488
182855472
468111548
946860697
790985880
394360408
194679327
783539357
843169984
205414622
254312989
754920035
681056794
352112726
79756381
71783282
661046816
505809727
389973207
731987177
667861505
123702731
271995140
405136574
139684093
10832267
488026551
640899724
337253387
715086511
647191152
673836875
897941983
115302700
473213924
541444216
362179460
667893251
177499925
57865796
873307874
431812914
665302183
406881020
636441992
597574916
478664303
150005160
103384644
868637510
881992338
623762501
844856593
6503830
28899076
984540686
869852449
369441979
625440410
207105836
84528491
125147914
880942711
982470474
92966966
206672987
376431042
307662778
874566239
553930968
365528575
600390465
985743882
30830758
7271485
474702227
480922027
338452140
624707387
584306671
207089650
359216077
60585524
51946243
365719908
89484600
889003281
88088709
458926580
366960044
295194546
395971423
492107958
28653609
230958249
437591277
235326597
607389292
745254055
962409188
161320260
110782630
415316005
999580494
994129741
275103842
474282721
327568120
613555983
98990109
911874791
820645633
310722538
972460315
725108229
676442446
914461268
466627862
764531156
225904200
833587906
912242054
621875623
178212217
940895663
852833872
615803494
28738612
460223164
361057549
991147800
474059776
324356532
258980157
473640271
171002625
534084000
800439344
498570745
147639983
751945805
262961888
820801968
62668344
87938555
398426549
591627142
2399823
865054412
208674650
80820375
698642318
120916704
702695998
876854535
914328720
555529871
345174381
943067332
868269387
706231931
786731485
342329164
883104815
45711642
668485787
54107440
432311994
468925131
405194537
579951977
73387289
520672777
253270298
136055633
608611332
651696847
727682775
463527508
516751259
936357426
544347883
67909930
909790482
99560234
797280817
824119202
655090105
142455199
619702887
375875844
701203482
258950724
718205008
584308297
157178718
239207147
490932089
589490713
708132279
748642978
21959042
781519568
269315755
275229340
770091553
730443439
926926188
350290680
46487299
296193799
139164458
590835183
216620081
48954941
690395417
13900899
725590495
198001874
8872450
197809734
573877718
710075932
456760458
144599079
146900581
466455529
383806226
637832670
55946242
944454857
238992000
930421636
578490777
508307755
58167329
348582330
91267546
985093517
698873011
137754846
133803668
838037469
728590029
350423750
739508762
271501798
216841001
465099258
322020024
225713451
662908992
895897742
935789383
972185803
893013173
82689964
438641332
129335752
573038986
347103926
73790609
812030986
130041914
652281387
172855093
188209243
853380069
264122639
25819112
404769432
401877485
159622781
95323254
130467514
362562883
834832016
254485664
579403884
152447626
576505688
805117335
815356619
324919783
740906718
640058774
70449308
676113034
78700106
199785060
249152020
278320384
273575670
61183006
408362298
778373409
86554451
596571542
631753478
350677090
622390654
36522911
752554576
634529787
131846165
735538442
997092670
819194533
990024107
576496554
971642160
419046147
234130241
639515131
596482282
975036959
279573905
666931591
503666345
210790363
866716651
752818365
341627099
140292321
666517723
749989397
771182082
753072174
199077291
255451913
103749265
673984298
144491176
708820193
308514085
128853693
444358635
158123108
948048226
286899094
734619662
919690386
558461594
968749904
411721869
154943876
796303215
691295774
821875467
152485913
754602489
541108471
905304278
96229588
533917144
424338354
698735338
305099227
29926880
897812629
560551140
986192497
424313279
705042316
695012690
732827365
833896009
991887678
890950473
634460587
131303124
478086487
406667326
689764718
299352743
818389195
844708595
948172311
362201322
519100414
100658224
116803811
60208885
858478854
65549752
446642382
135333560
764285090
751741609
165260441
514614071
164809101
3969290
938927351
722367769
698981981
524271068
408780130
543386011
267737893
43240717
674689135
745824380
449908043
364453854
897693476
120813591
61678801
845865787
483014913
433295567
799040363
599818724
346020805
657519217
665368476
792663187
792852778
282169918
396921148
810629571
796783990
561730249
814598861
735711341
136614370
366097194
112498761
545394500
909483205
380236654
588635217
584172341
126061034
891059613
801142547
876270862
11873204
862821348
574653001
494888117
148633267
373693364
947223193
494654072
883728934
465108022
287317259
529098064
747277940
684238407
339727635
544061930
98485008
6842848
132289623
235099378
372940043
244788384
780493878
282423248
625025038
221645448
719111941
603602425
112705061
520254488
332389639
977094617
235592188
907042641
324499086
384225456
133252357
271722279
878879528
16981291
736830301
18713140
546079355
336624594
555467899
738323342
880686524
653952908
745166191
865492500
741568638
118106234
110280884
374578869
253045834
587822275
596224317
972157776
43941052
561445730
344928616
376330691
391056699
580520805
135889684
715555785
817262613
269142042
987278064
548658493
286123333
576624718
567371633
684719041
913249312
122839533
423042383
646452188
629308793
20724926
364461040
223393783
138831160
327258277
597972652
391876995
915080552
46713321
216551123
811537956
608159051
561479739
40384999
999215750
142000544
176274684
567287887
811779509
445416726
407082304
360438003
731540059
983707022
780325988
268775452
749472686
755681873
691817836
248441226
237507018
712542762
612902267
460900802
703890275
940160544
58873454
95767270
707757448
105586776
164834745
371811756
566262179
726314484
412196755
417994282
720831381
588471439
985282169
532610890
33888165
392364473
745565245
617944577
228587847
525891234
886720029
830576885
134089459
431054217
79018112
371596478
143596980
544436731
832497280
700003607
337113627
891370734
648287229
897387427
849473862
813121974
269199183
415736042
539436458
681395938
833730324
112784191
122383730
671528845
645395082
156271895
63893319
243476679
774216472
144997518
769367913
513452854
975574404
903457373
944507071
907108868
127570203
940620403
304061951
960067483
640624010
493691930
703954569
141427591
391079357
553428432
954549565
512794892
821680826
346502376
46707182
507927502
459286567
169090912
179456347
104681649
325362808
95866018
200674681
952095632
93379889
970042594
465548486
68954293
726016319
262571910
828579513
853586522
203192313
985157816
666170357
696332676
478849746
370124927
837760267
722445455
776069711
792309833
235240347
597750537
138812209
281947529
105678039
450615128
451038442
137650738
407813130
628917602
86033109
608487811
581013234
179412998
431046757
899078073
100883643
9579429
161649983
929463156
863165951
217358648
767137324
381852661
913691324
98503422
751977588
751451592
820948877
380563651
396277777
56189224
978314188
387606338
190653105
936508579
838221466
494207899
926675669
98550948
123125501
12708778
707038759
556655088
192121776
138085517
455733161
293005419
147664946
469899496
74984927
863347249
687258144
842122251
245199910
600949469
940625673
849693850
204917413
614090902
230257501
453711542
522796478
61088041
841317880
713449584
850112972
532055698
60173835
776788642
630606647
183299337
642013772
190161758
739954425
834135549
328247275
48203938
979657320
328428573
518103434
54642248
191775823
57877930
749280851
289492085
658827399
542422877
139185936
716261164
9030131
221959789
169972706
531826610
283047831
863806938
97792546
133160803
248378989
157966381
762465797
878985636
341265718
256995922
69147394
933736495
91131471
249911022
981940433
923305143
578339595
352560219
830463743
622631770
410438150
432260947
912123856
921781901
974683824
51309792
638043066
983713955
125785933
660532124
368056917
408833764
524339063
465849463
394510920
772718052
623815845
9493069
504220040
965081563
266488991
425883786
751334411
210136814
528311160
585791196
133441958
106650756
938351416
816422053
581798878
201305918
248683000
493922734
123087819
75883176
397748878
613647237
912113484
523534812
126695714
280170401
784884928
651034777
746019865
31912200
276269181
222352062
41405270
633005573
39949977
160410613
58889359
791284388
370547428
439716872
377075585
356505738
398883980
167943353
25444143
980682858
221765623
274127144
327121945
197369794
202526672
724870823
811017032
114640156
100921987
937712746
247326910
885806916
441263875
993346775
917719116
570049408
68215189
811640738
203054981
108165166
972051352
114460692
899449555
195115132
554177564
129041492
551620870
953061544
296984845
577065013
786260755
518750468
703708509
113382700
716120262
906235182
690769875
379653646
20875338
791691863
169882744
120718600
530015131
463662971
114065375
300250599
33712379
34796916
111891338
89283712
142962083
936459042
203744405
42411638
131574174
610438321
171453130
535711396
416016218
320954327
112776409
202276973
839704795
669001271
168176025
408341409
575236453
858945900
640511408
448628143
503154115
810394152
569346744
33169246
126573476
535928471
185936198
160285855
570725388
150343888
249569568
713687471
86802930
305830325
608615461
70893456
916268646
780068591
606604852
332284864
101022918
571897613
387078189
793244065
93415236
555254214
54101826
668651689
414200115
694613234
969796185
917354230
357523739
391659281
803039829
484097215
927587752
841492379
496899422
350829492
991836267
746468990
917033315
931155549
52299315
525648776
854565357
821084314
158233719
313686561
5885530
111772989
885584174
392963720
757533406
978999411
948217934
811635233
500167452
214934401
358764819
322479989
132288632
568804910
714139270
787844813
52902125
494243375
481853544
402317900
845072867
326206163
1303242
614622535
109878064
53602558
140271311
964443421
727203224
151021383
278129982
733088754
115310724
16230508
126052474
872844131
847746271
74270409
536995716
200430076
141721162
895760535
522910065
126526146
317081798
237049336
914370959
222500275
731292711
248740855
624818175
428881930
574947018
626121418
43504465
684825082
532240328
36292129
649268503
259443552
39829864
779914837
992532306
155140588
796145346
971101133
27984719
496407969
897887894
417496787
696838045
39609056
165773675
219748111
166135203
482855473
309313799
933022514
705355748
40606510
181763370
330173924
322004792
756710388
956295342
218025610
294051823
341052022
106834091
943320326
600495574
146663955
575751516
445544232
154320895
224413214
269161717
34821967
720821183
167049611
452318754
417659229
59175020
618092429
489923692
225310223
100947902
799237491
10849089
658820003
692360353
192612459
988993927
14365145
801839200
797805621
84907107
95891023
138857643
44257550
891727701
591869569
43437857
467479217
889930153
197758753
691892431
159091871
85097072
265229967
178657834
537415826
682889196
237832854
8024608
25329240
463143077
961488862
824566731
473992167
620308865
516927084
519120978
461819144
383808581
320960178
112141117
321232041
269367553
103515112
365489591
161095255
547901033
408927449
481090824
437831187
606686202
25499608
449439410
691783274
290729575
628097244
81715452
973618771
865930099
89740060
998948011
181589528
903745275
676031094
655581695
376570492
45474530
27219026
838389637
429283111
348179204
803047106
750515152
617546758
906562219
116004744
631158365
306979604
377448545
112249189
744810791
984134747
137748797
46766553
528434373
428478372
674863798
462666177
254613495
540793897
404922590
106077858
722383425
308667865
782108952
230481473
685238357
827583482
257700499
376144346
109382946
458396055
31707805
712414450
75942813
938270024
680935546
559617530
97765980
58384091
671866720
842576772
895035190
662131869
889343325
275985915
90610242
416723475
738652093
197740089
957517372
143574683
156334300
532417150
304758900
938443252
615414975
989997257
618543087
873115474
218657956
580442385
184027881
250365761
292856835
112487047
41152137
973792382
672104577
138918117
884692825
196487649
834011241
779728016
858619519
575870919
55713931
801746113
992594394
646882376
999486202
802628119
790457059
8336854
187561621
95215959
946780107
802976596
937729569
417839546
528608422
8903877
998281931
712636303
111785990
143655118
825123350
152938127
969963852
497227928
144372596
854656678
693715577
978383838
486901046
404851448
554254757
395131329
206597561
399365503
42013706
58600116
201993622
684987117
66936970
389555243
632719429
866233429
45048191
422965350
136589327
573656613
284385579
134871258
286292917
396171569
131042729
111416267
549109696
101006581
461160547
693482292
808179611
7392477
524382482
147597009
412243925
78637239
395244691
471357839
330519095
289774749
529957955
532512717
974761866
449411277
774584313
459997647
315644707
819632504
735479349
452234034
393289118
19864928
439621645
532098387
416036497
423180726
496031006
817662545
376703659
957191554
363661190
37399623
817100383
888043672
184996632
81860660
819197264
580241323
553218499
149716359
870016072
83176454
534745428
697294291
385104084
309329741
9808290
700748791
128962246
745287640
5499177
374767716
617668920
297637174
906866103
33705418
720817900
255413461
703884315
97521560
65121367
67545505
134921183
882221750
955589178
172434167
964082411
627302794
752675491
517300910
777019153
475207915
452993717
164280933
25018558
838097801
473610675
34826849
391362944
455089273
632630841
249378473
682373341
102816113
547015648
441755796
136521531
267833548
697169257
692922199
217871460
762290625
760467704
352792643
644512375
568573234
525226811
461111138
48392380
130418654
978412049
825411533
458142921
283922118
989692467
483161480
974536271
315819494
370504681
218415567
623425119
855651874
467794040
305798460
958467987
14809688
747554256
947505871
135159589
297239865
640428070
353031049
59530490
253412126
705823693
556559218
674501713
83566856
17670356
722894093
66501862
848598757
400821979
524644783
132520875
243030798
7806263
959573498
558850292
230827296
177989065
34791763
86479170
645783106
340590223
897463510
513109146
940660831
844969381
648268735
237900696
337913803
1299785
149947539
443842281
559639830
706506757
118343994
643206686
724177113
841238088
709708548
425292223
94576419
86869683
410329450
337607217
94675947
369902949
896457509
178019595
400408366
931249272
117015118
46191472
124355847
14478628
411816971
65016678
711964361
60085706
155433726
902394516
61385491
305381265
346236797
473541673
11888022
317097144
116748359
588581488
10851584
678973259
13873711
105428003
765842943
276719513
443035220
713035242
646622462
192009081
743571189
47030829
123258353
860586307
945738653
100130552
727581287
210071976
17663582
292062000
270157683
25613660
46972868
184059526
330994926
393209666
657601200
195399300
710306810
626865911
636497140
721158394
158355523
502887203
826586397
776714818
779606717
122137969
342266412
278745531
314147050
85837601
178292712
289921755
798940261
124031366
390052307
379037900
186619694
260232241
671099901
456777377
285845901
718072769
493353256
616840827
963798787
3470808
664756480
526621949
630336719
301253620
100296695
641208594
804140824
926883092
417923412
436263893
49021061
760189824
715009424
215684463
698543778
893302137
505606218
497484039
869849855
895658525
876521939
56469549
8407118
400138192
365763279
294253020
970727314
859116535
911093847
934526101
862587343
428366679
313664403
345440414
729620300
413961098
986649009
386277476
193360543
257088773
822541369
94897956
17278598
390067145
310582420
568338728
283369282
816188638
65822767
5735489
564363516
794861058
62205039
572770634
47515603
427968318
867023654
18242917
139601205
630633854
805285370
2188548
59000533
118949773
347628962
641137185
385427224
186794323
27414661
578787767
443883097
702472382
673685723
313678047
92539528
984268143
882016775
228425162
800456782
800355894
234160652
217336650
447733304
148882043
790107284
495248907
576850361
657130939
366008176
716451566
140281145
23809899
571156466
199281678
995276024
918785428
840418864
380703248
105579752
720349877
959491015
401979201
275338612
485693091
715657248
220394492
469961234
597674023
301336006
122934368
250546269
535496658
340271018
698279573
684378701
130378303
46044833
113745414
640025594
412053009
682713332
780306739
288379260
253869798
832104769
283655285
25171579
525039985
516874885
983267683
97906215
328882253
385246884
373244827
814575344
100904132
446155671
137052930
551094507
747491677
259987299
801640776
135504688
452774669
352436701
819883389
435669324
398481534
786145156
75694918
810534544
468858488
708518009
98913804
575244639
393139131
235085441
600416218
918179116
751960327
436200253
16085331
80842580
821447137
241846510
747934276
774867621
688002181
884987206
178478480
435493859
144974505
832635608
570998547
450265527
185072309
243398288
885934851
583553844
29543444
814146122
246604740
350918285
375180483
198034896
926162924
768319614
285636690
379095494
686498731
37597017
815295747
555100414
970955949
489259236
796946925
571406577
116643209
484949106
456393783
147638041
772959317
453884641
980273649
196474216
904150168
17862310
439872505
642601371
601416154
321932301
456747493
700537246
525366938
831927977
898572143
304046214
452763943
36725185
683141708
139262674
74322202
350953807
546879441
897794503
692729395
343826366
321717432
809372604
681291824
778111215
957010645
454251142
84512208
789800646
650725358
841178728
807662957
943114215
483780100
261595463
117562869
793043945
962132710
642929807
477488274
713221205
946976022
930252218
749946390
482634082
922031244
676784944
833587890
468910685
427095799
378833637
665253403
748813231
40722594
346545228
379440798
997733239
653312722
463953007
640050238
156554432
157648087
447713195
99668648
641428187
709308658
217231517
286988485
523957720
860161324
764476759
237178925
659653698
694728977
987125315
142287781
469276574
516426611
828392023
938187259
943522410
207225660
455957015
692335641
247948254
802502243
71776440
98197846
308331317
388245799
738248084
464885749
545893886
38477631
564554397
39838426
600302641
634302266
326826911
124260362
346979943
91303670
213955639
6633641
638549000
53597307
1437774
107825574
570023918
829829797
898529185
513546329
37055458
207002552
58398322
137520064
9504795
982691114
88234262
170352464
223453265
826482346
635238214
769347152
717476329
52308963
661701930
317778971
686611230
988528841
294555685
33591173
932348863
508511324
40224814
423414215
562108631
41662589
383756141
132132550
724008738
134801679
498195231
613580548
341804231
556593553
751100613
203825379
391801020
839334875
374177843
615254285
518333574
9416057
237117789
88326255
61725021
898819719
406105226
600852603
739864912
700660911
634443776
524730128
61688588
527184942
948144343
623797219
421363883
184416837
755929769
145372622
171734868
106641352
611469522
513539099
663234906
215086487
569880830
55035926
54421363
944058674
522806563
425271289
805991083
759924353
513597544
720232456
658744072
772219123
173601411
251125337
325396386
808045187
775855465
387084974
187746482
576516160
10882194
461626717
760932997
619328315
459515691
932667865
725969668
70985214
298723317
241720926
286071701
868604147
149273204
193009416
665179173
672079767
470797057
323686609
432004120
984394602
896435417
943264545
609130077
70036829
194389882
934526463
730598368
970245347
321611438
918344850
399277859
185009984
232487920
12727209
804338299
692003611
945395074
530307967
762988825
96634743
772028893
901576879
817755243
921302097
94586295
335450768
445898217
417899705
659137377
877902337
254810659
408089147
673683234
863940736
478125976
868073116
798467199
61240696
690834815
972594989
979585547
90112675
157604973
64589819
102839884
961943273
756593430
900751310
344767592
372098608
849902406
969312838
273675487
667657649
743131287
220778134
3108417
189029504
638677839
514762147
919448194
893488498
922851294
593131428
609945586
253493622
313720897
260929138
314734318
857072064
233524127
146836217
799701091
243645453
211426036
755057327
58105078
968019467
508324990
402872670
192634427
358227396
224701860
466309914
878401397
967833148
539604400
734026166
9379004
30798592
101304665
928827198
924287090
24155959
374474979
386749029
130165933
688195876
647678167
297416604
397784292
881202294
444252821
197485384
124847747
508195210
952542711
35469177
328731029
313384053
438341848
521365456
671611449
663043708
987675370
402529198
483393208
379796122
136555365
492772213
410594714
237860030
421599411
187398157
114532342
796074390
574147186
97214627
336786618
221825353
394631231
734570911
955543999
838884053
784572647
932908099
199595615
589631710
968377276
528326644
903015764
259235476
49692100
427143565
922279185
889883822
829672764
258188745
269679944
966228129
750960958
680274659
56604511
25076722
867672816
23653205
821151112
294336354
120867833
10454083
516161707
515499064
597541346
324222058
206899469
382113993
257130157
406495084
971745703
78023786
934821728
727277819
337259262
984513828
154421385
112054799
726914002
984094149
370243545
996593947
802838630
121204503
529384958
711959493
146281225
249574126
735612699
819948690
543910480
856480532
830402773
912588539
371979596
280460471
236810597
578879066
662574464
346457107
985374150
486836519
424480893
772712231
66630691
761740155
609742411
221052076
873794955
336656414
57662577
244038500
185766713
713017559
217759355
567668023
424977052
364040581
817242149
13106103
36505623
213668981
869586635
866908396
126257520
94082584
147368867
215584469
672961650
662459683
